# mineral dust(nucleation mode)      
#
# size distribution: lognormal
# shape distribution: prolate spheroids (T-matrix + geometric optics)
# ------------------
#
   minimum radius [um]:      5.000E-03
   maximum radius [um]:      2.000E+01
                 sigma:      1.950E+00
          rho[g/cm**3]:      2.6
       Rmod (wet) [um]:      7.000E-02
       Rmod (dry) [um]:      7.000E-02
#
# aspect ratio distribution:
# 1.2 0.535
# 1.4 0.289
# 1.6 0.108
# 1.8 0.040
# 2.0 0.015
# 2.2 0.007
# 2.4 0.003
# 2.6 0.001
# 2.8 0.001
# 3.0 0.001
#
# optical parameters:
# -------------------
#
wavelength[um] ext.coef[1/km]  sca.coef[1/km] abs.coef[1/km]  si.sc.alb      asym.par        ext.nor        ref.real        ref.imag

2.500E-01,	1.025E-04,	8.240E-05,	2.009E-05,	8.040E-01,	7.365E-01,	1.473E+00,	1.530E+00,	-3.000E-02
3.000E-01,	9.913E-05,	8.354E-05,	1.559E-05,	8.427E-01,	7.210E-01,	1.425E+00,	1.530E+00,	-2.500E-02
3.500E-01,	9.436E-05,	8.421E-05,	1.015E-05,	8.924E-01,	7.031E-01,	1.356E+00,	1.530E+00,	-1.700E-02
4.000E-01,	8.844E-05,	8.132E-05,	7.113E-06,	9.196E-01,	6.918E-01,	1.271E+00,	1.530E+00,	-1.300E-02
4.500E-01,	8.216E-05,	7.785E-05,	4.311E-06,	9.475E-01,	6.805E-01,	1.181E+00,	1.530E+00,	-8.500E-03
5.000E-01,	7.574E-05,	7.220E-05,	3.538E-06,	9.533E-01,	6.741E-01,	1.089E+00,	1.530E+00,	-7.800E-03
5.500E-01,	6.958E-05,	6.730E-05,	2.280E-06,	9.672E-01,	6.659E-01,	1.000E+00,	1.530E+00,	-5.500E-03
6.000E-01,	6.374E-05,	6.205E-05,	1.695E-06,	9.734E-01,	6.591E-01,	9.161E-01,	1.530E+00,	-4.500E-03
6.500E-01,	5.832E-05,	5.679E-05,	1.535E-06,	9.737E-01,	6.531E-01,	8.383E-01,	1.530E+00,	-4.500E-03
7.000E-01,	5.334E-05,	5.209E-05,	1.247E-06,	9.766E-01,	6.465E-01,	7.666E-01,	1.530E+00,	-4.000E-03
7.500E-01,	4.879E-05,	4.764E-05,	1.141E-06,	9.766E-01,	6.402E-01,	7.012E-01,	1.530E+00,	-4.000E-03
8.000E-01,	4.465E-05,	4.360E-05,	1.049E-06,	9.765E-01,	6.338E-01,	6.417E-01,	1.530E+00,	-4.000E-03
9.000E-01,	3.748E-05,	3.659E-05,	8.968E-07,	9.761E-01,	6.208E-01,	5.387E-01,	1.530E+00,	-4.000E-03
1.000E+00,	3.160E-05,	3.082E-05,	7.772E-07,	9.754E-01,	6.077E-01,	4.542E-01,	1.530E+00,	-4.000E-03
1.250E+00,	2.114E-05,	2.043E-05,	7.098E-07,	9.664E-01,	5.755E-01,	3.038E-01,	1.530E+00,	-5.000E-03
1.500E+00,	1.460E-05,	1.398E-05,	6.243E-07,	9.573E-01,	5.443E-01,	2.099E-01,	1.530E+00,	-5.700E-03
1.750E+00,	1.041E-05,	9.847E-06,	5.624E-07,	9.460E-01,	5.146E-01,	1.496E-01,	1.530E+00,	-6.400E-03
2.000E+00,	7.656E-06,	7.104E-06,	5.519E-07,	9.279E-01,	4.867E-01,	1.100E-01,	1.530E+00,	-7.600E-03
2.500E+00,	4.511E-06,	3.771E-06,	7.403E-07,	8.359E-01,	4.364E-01,	6.484E-02,	1.520E+00,	-1.400E-02
3.000E+00,	3.756E-06,	2.164E-06,	1.592E-06,	5.762E-01,	3.884E-01,	5.399E-02,	1.520E+00,	-3.900E-02
3.200E+00,	2.684E-06,	1.772E-06,	9.119E-07,	6.602E-01,	3.743E-01,	3.858E-02,	1.510E+00,	-2.400E-02
3.390E+00,	2.185E-06,	1.504E-06,	6.811E-07,	6.883E-01,	3.604E-01,	3.141E-02,	1.510E+00,	-1.925E-02
3.500E+00,	1.980E-06,	1.368E-06,	6.121E-07,	6.909E-01,	3.526E-01,	2.846E-02,	1.510E+00,	-1.800E-02
3.750E+00,	1.451E-06,	1.075E-06,	3.762E-07,	7.408E-01,	3.356E-01,	2.086E-02,	1.500E+00,	-1.200E-02
4.000E+00,	1.079E-06,	8.847E-07,	1.942E-07,	8.200E-01,	3.201E-01,	1.551E-02,	1.500E+00,	-6.700E-03
4.500E+00,	8.218E-07,	6.035E-07,	2.183E-07,	7.344E-01,	2.904E-01,	1.181E-02,	1.500E+00,	-8.700E-03
5.000E+00,	7.903E-07,	3.891E-07,	4.012E-07,	4.923E-01,	2.617E-01,	1.136E-02,	1.480E+00,	-1.800E-02
5.500E+00,	9.807E-07,	2.569E-07,	7.238E-07,	2.620E-01,	2.351E-01,	1.410E-02,	1.460E+00,	-3.600E-02
6.000E+00,	1.185E-06,	1.739E-07,	1.011E-06,	1.468E-01,	2.112E-01,	1.703E-02,	1.440E+00,	-5.500E-02
6.200E+00,	1.271E-06,	1.488E-07,	1.122E-06,	1.171E-01,	2.023E-01,	1.826E-02,	1.430E+00,	-6.300E-02
6.500E+00,	1.006E-06,	1.210E-07,	8.847E-07,	1.203E-01,	1.927E-01,	1.445E-02,	1.420E+00,	-5.200E-02
7.200E+00,	2.028E-06,	1.024E-07,	1.926E-06,	5.050E-02,	1.676E-01,	2.915E-02,	1.460E+00,	-1.300E-01
7.900E+00,	1.380E-06,	1.947E-08,	1.360E-06,	1.412E-02,	1.365E-01,	1.983E-02,	1.220E+00,	-8.900E-02
8.200E+00,	1.851E-06,	8.731E-09,	1.842E-06,	4.717E-03,	1.214E-01,	2.660E-02,	1.120E+00,	-1.200E-01
8.500E+00,	3.202E-06,	1.360E-08,	3.188E-06,	4.248E-03,	1.064E-01,	4.602E-02,	1.060E+00,	-2.100E-01
8.700E+00,	4.106E-06,	2.882E-08,	4.077E-06,	7.020E-03,	1.067E-01,	5.902E-02,	1.190E+00,	-2.900E-01
9.000E+00,	3.998E-06,	1.514E-07,	3.846E-06,	3.786E-02,	1.322E-01,	5.746E-02,	1.850E+00,	-4.400E-01
9.200E+00,	3.743E-06,	2.227E-07,	3.520E-06,	5.949E-02,	1.438E-01,	5.380E-02,	2.220E+00,	-5.400E-01
9.500E+00,	2.846E-06,	3.331E-07,	2.513E-06,	1.171E-01,	1.603E-01,	4.090E-02,	2.940E+00,	-6.500E-01
9.800E+00,	2.744E-06,	2.930E-07,	2.451E-06,	1.068E-01,	1.559E-01,	3.944E-02,	2.910E+00,	-6.500E-01
1.000E+01,	2.559E-06,	2.180E-07,	2.341E-06,	8.521E-02,	1.552E-01,	3.678E-02,	2.570E+00,	-5.000E-01
1.060E+01,	1.865E-06,	8.157E-08,	1.784E-06,	4.374E-02,	1.264E-01,	2.681E-02,	1.910E+00,	-2.500E-01
1.100E+01,	1.517E-06,	6.100E-08,	1.456E-06,	4.023E-02,	1.188E-01,	2.180E-02,	1.830E+00,	-2.000E-01
1.150E+01,	2.489E-06,	5.449E-08,	2.434E-06,	2.189E-02,	1.023E-01,	3.577E-02,	1.810E+00,	-3.500E-01
1.250E+01,	3.363E-06,	4.116E-08,	3.321E-06,	1.224E-02,	8.220E-02,	4.833E-02,	1.740E+00,	-5.000E-01
1.300E+01,	1.893E-06,	4.508E-08,	1.848E-06,	2.381E-02,	9.757E-02,	2.721E-02,	2.000E+00,	-3.500E-01
1.400E+01,	1.451E-06,	1.614E-08,	1.435E-06,	1.113E-02,	7.536E-02,	2.085E-02,	1.630E+00,	-2.200E-01
1.480E+01,	1.587E-06,	1.061E-08,	1.576E-06,	6.684E-03,	6.529E-02,	2.281E-02,	1.540E+00,	-2.400E-01
1.500E+01,	1.730E-06,	9.513E-09,	1.720E-06,	5.500E-03,	6.241E-02,	2.486E-02,	1.510E+00,	-2.600E-01
1.640E+01,	1.989E-06,	6.959E-09,	1.982E-06,	3.498E-03,	5.170E-02,	2.859E-02,	1.470E+00,	-3.200E-01
1.720E+01,	2.154E-06,	6.790E-09,	2.148E-06,	3.152E-03,	4.759E-02,	3.096E-02,	1.490E+00,	-3.700E-01
1.800E+01,	2.100E-06,	1.037E-08,	2.089E-06,	4.937E-03,	5.095E-02,	3.018E-02,	1.770E+00,	-4.700E-01
1.850E+01,	1.968E-06,	1.378E-08,	1.955E-06,	7.000E-03,	5.574E-02,	2.829E-02,	2.050E+00,	-5.700E-01
2.000E+01,	2.166E-06,	1.385E-08,	2.152E-06,	6.393E-03,	4.718E-02,	3.113E-02,	2.200E+00,	-8.200E-01
2.130E+01,	1.970E-06,	1.260E-08,	1.957E-06,	6.396E-03,	4.541E-02,	2.831E-02,	2.390E+00,	-9.400E-01
2.250E+01,	1.578E-06,	1.154E-08,	1.566E-06,	7.313E-03,	4.770E-02,	2.268E-02,	2.690E+00,	-1.000E+00
2.500E+01,	9.397E-07,	7.858E-09,	9.318E-07,	8.363E-03,	5.224E-02,	1.351E-02,	2.990E+00,	-8.000E-01
2.790E+01,	1.106E-06,	4.258E-09,	1.101E-06,	3.851E-03,	3.568E-02,	1.589E-02,	2.570E+00,	-7.800E-01
3.000E+01,	1.012E-06,	2.796E-09,	1.009E-06,	2.764E-03,	3.034E-02,	1.454E-02,	2.420E+00,	-6.700E-01
3.500E+01,	8.106E-07,	1.456E-09,	8.091E-07,	1.797E-03,	2.355E-02,	1.165E-02,	2.420E+00,	-6.200E-01
4.000E+01,	8.327E-07,	8.531E-10,	8.318E-07,	1.024E-03,	1.700E-02,	1.197E-02,	2.340E+00,	-7.000E-01
#
# volume phase function [1/km]:
# -----------------------------
#
# sca.ang. | wavelengths --->
# ---------|------------------
#          | 2.500E-01 3.000E-01 3.500E-01 4.000E-01 4.500E-01 5.000E-01 5.500E-01 6.000E-01 6.500E-01 7.000E-01 7.500E-01 8.000E-01 9.000E-01 1.000E+00 1.250E+00 1.500E+00 1.750E+00 2.000E+00 2.500E+00 3.000E+00 3.200E+00 3.390E+00 3.500E+00 3.750E+00 4.000E+00 4.500E+00 5.000E+00 5.500E+00 6.000E+00 6.200E+00 6.500E+00 7.200E+00 7.900E+00 8.200E+00 8.500E+00 8.700E+00 9.000E+00 9.200E+00 9.500E+00 9.800E+00 1.000E+01 1.060E+01 1.100E+01 1.150E+01 1.250E+01 1.300E+01 1.400E+01 1.480E+01 1.500E+01 1.640E+01 1.720E+01 1.800E+01 1.850E+01 2.000E+01 2.130E+01 2.250E+01 2.500E+01 2.790E+01 3.000E+01 3.500E+01 4.000E+01
#
  0.000E+00  2.362E-04 1.810E-04 1.462E-04 1.206E-04 1.016E-04 8.571E-05 7.339E-05 6.304E-05 5.429E-05 4.710E-05 4.097E-05 3.580E-05 2.765E-05 2.165E-05 1.230E-05 7.424E-06 4.701E-06 3.091E-06 1.412E-06 7.069E-07 5.585E-07 4.564E-07 4.064E-07 3.062E-07 2.417E-07 1.524E-07 9.158E-08 5.655E-08 3.604E-08 3.015E-08 2.394E-08 1.884E-08 3.365E-09 1.453E-09 2.172E-09 4.581E-09 2.467E-08 3.643E-08 5.475E-08 4.778E-08 3.578E-08 1.302E-08 9.616E-09 8.283E-09 5.983E-09 6.717E-09 2.316E-09 1.488E-09 1.326E-09 9.446E-10 9.117E-10 1.395E-09 1.865E-09 1.833E-09 1.657E-09 1.521E-09 1.042E-09 5.471E-10 3.555E-10 1.824E-10 1.053E-10
  1.000E-01  2.362E-04 1.809E-04 1.462E-04 1.206E-04 1.016E-04 8.571E-05 7.338E-05 6.303E-05 5.429E-05 4.709E-05 4.097E-05 3.580E-05 2.765E-05 2.165E-05 1.230E-05 7.424E-06 4.701E-06 3.091E-06 1.412E-06 7.068E-07 5.585E-07 4.564E-07 4.064E-07 3.062E-07 2.417E-07 1.524E-07 9.158E-08 5.655E-08 3.604E-08 3.015E-08 2.394E-08 1.884E-08 3.365E-09 1.453E-09 2.172E-09 4.581E-09 2.467E-08 3.643E-08 5.475E-08 4.778E-08 3.578E-08 1.302E-08 9.616E-09 8.283E-09 5.983E-09 6.717E-09 2.316E-09 1.488E-09 1.326E-09 9.446E-10 9.117E-10 1.395E-09 1.865E-09 1.833E-09 1.657E-09 1.521E-09 1.042E-09 5.471E-10 3.555E-10 1.824E-10 1.053E-10
  2.000E-01  2.361E-04 1.809E-04 1.462E-04 1.206E-04 1.016E-04 8.570E-05 7.337E-05 6.303E-05 5.429E-05 4.709E-05 4.097E-05 3.580E-05 2.765E-05 2.164E-05 1.230E-05 7.424E-06 4.700E-06 3.091E-06 1.412E-06 7.068E-07 5.585E-07 4.564E-07 4.064E-07 3.062E-07 2.417E-07 1.524E-07 9.157E-08 5.655E-08 3.604E-08 3.015E-08 2.394E-08 1.884E-08 3.365E-09 1.453E-09 2.172E-09 4.581E-09 2.467E-08 3.643E-08 5.475E-08 4.778E-08 3.578E-08 1.302E-08 9.616E-09 8.283E-09 5.983E-09 6.717E-09 2.316E-09 1.488E-09 1.326E-09 9.446E-10 9.117E-10 1.395E-09 1.865E-09 1.833E-09 1.657E-09 1.521E-09 1.042E-09 5.471E-10 3.555E-10 1.824E-10 1.053E-10
  3.000E-01  2.358E-04 1.808E-04 1.461E-04 1.206E-04 1.016E-04 8.568E-05 7.336E-05 6.302E-05 5.428E-05 4.709E-05 4.097E-05 3.579E-05 2.764E-05 2.164E-05 1.230E-05 7.424E-06 4.700E-06 3.091E-06 1.412E-06 7.068E-07 5.585E-07 4.564E-07 4.064E-07 3.062E-07 2.417E-07 1.524E-07 9.157E-08 5.655E-08 3.604E-08 3.015E-08 2.394E-08 1.884E-08 3.365E-09 1.453E-09 2.172E-09 4.581E-09 2.467E-08 3.643E-08 5.475E-08 4.778E-08 3.578E-08 1.302E-08 9.616E-09 8.282E-09 5.983E-09 6.717E-09 2.316E-09 1.488E-09 1.326E-09 9.446E-10 9.116E-10 1.395E-09 1.865E-09 1.833E-09 1.657E-09 1.521E-09 1.042E-09 5.471E-10 3.555E-10 1.824E-10 1.053E-10
  4.000E-01  2.356E-04 1.806E-04 1.460E-04 1.205E-04 1.015E-04 8.565E-05 7.334E-05 6.300E-05 5.427E-05 4.708E-05 4.096E-05 3.579E-05 2.764E-05 2.164E-05 1.230E-05 7.423E-06 4.700E-06 3.091E-06 1.412E-06 7.068E-07 5.585E-07 4.564E-07 4.064E-07 3.062E-07 2.417E-07 1.524E-07 9.157E-08 5.655E-08 3.604E-08 3.015E-08 2.394E-08 1.884E-08 3.365E-09 1.453E-09 2.172E-09 4.581E-09 2.467E-08 3.643E-08 5.475E-08 4.778E-08 3.578E-08 1.302E-08 9.615E-09 8.282E-09 5.983E-09 6.717E-09 2.316E-09 1.488E-09 1.326E-09 9.446E-10 9.116E-10 1.395E-09 1.865E-09 1.833E-09 1.657E-09 1.521E-09 1.042E-09 5.471E-10 3.555E-10 1.824E-10 1.053E-10
  5.000E-01  2.352E-04 1.804E-04 1.459E-04 1.204E-04 1.015E-04 8.562E-05 7.332E-05 6.299E-05 5.425E-05 4.707E-05 4.095E-05 3.578E-05 2.764E-05 2.164E-05 1.230E-05 7.423E-06 4.700E-06 3.091E-06 1.412E-06 7.068E-07 5.584E-07 4.564E-07 4.064E-07 3.062E-07 2.417E-07 1.524E-07 9.157E-08 5.655E-08 3.604E-08 3.015E-08 2.394E-08 1.884E-08 3.365E-09 1.453E-09 2.172E-09 4.581E-09 2.467E-08 3.643E-08 5.475E-08 4.778E-08 3.578E-08 1.302E-08 9.615E-09 8.282E-09 5.983E-09 6.717E-09 2.316E-09 1.488E-09 1.326E-09 9.446E-10 9.116E-10 1.395E-09 1.865E-09 1.833E-09 1.657E-09 1.521E-09 1.042E-09 5.471E-10 3.555E-10 1.824E-10 1.053E-10
  6.000E-01  2.347E-04 1.802E-04 1.458E-04 1.204E-04 1.014E-04 8.558E-05 7.329E-05 6.297E-05 5.424E-05 4.705E-05 4.094E-05 3.577E-05 2.763E-05 2.163E-05 1.230E-05 7.422E-06 4.699E-06 3.090E-06 1.412E-06 7.067E-07 5.584E-07 4.563E-07 4.064E-07 3.062E-07 2.417E-07 1.524E-07 9.156E-08 5.654E-08 3.603E-08 3.015E-08 2.394E-08 1.884E-08 3.365E-09 1.453E-09 2.172E-09 4.581E-09 2.467E-08 3.642E-08 5.475E-08 4.778E-08 3.578E-08 1.302E-08 9.615E-09 8.282E-09 5.983E-09 6.717E-09 2.316E-09 1.488E-09 1.326E-09 9.446E-10 9.116E-10 1.395E-09 1.865E-09 1.833E-09 1.657E-09 1.521E-09 1.042E-09 5.471E-10 3.555E-10 1.824E-10 1.053E-10
  7.000E-01  2.342E-04 1.799E-04 1.456E-04 1.203E-04 1.014E-04 8.554E-05 7.326E-05 6.294E-05 5.422E-05 4.704E-05 4.093E-05 3.577E-05 2.762E-05 2.163E-05 1.229E-05 7.421E-06 4.699E-06 3.090E-06 1.412E-06 7.067E-07 5.584E-07 4.563E-07 4.063E-07 3.061E-07 2.417E-07 1.524E-07 9.156E-08 5.654E-08 3.603E-08 3.014E-08 2.394E-08 1.883E-08 3.364E-09 1.453E-09 2.172E-09 4.581E-09 2.467E-08 3.642E-08 5.475E-08 4.778E-08 3.578E-08 1.302E-08 9.615E-09 8.282E-09 5.983E-09 6.716E-09 2.316E-09 1.488E-09 1.326E-09 9.446E-10 9.116E-10 1.395E-09 1.865E-09 1.833E-09 1.657E-09 1.521E-09 1.042E-09 5.471E-10 3.555E-10 1.824E-10 1.053E-10
  8.000E-01  2.336E-04 1.796E-04 1.454E-04 1.201E-04 1.013E-04 8.548E-05 7.322E-05 6.291E-05 5.420E-05 4.702E-05 4.092E-05 3.575E-05 2.762E-05 2.162E-05 1.229E-05 7.420E-06 4.698E-06 3.090E-06 1.412E-06 7.066E-07 5.583E-07 4.563E-07 4.063E-07 3.061E-07 2.417E-07 1.523E-07 9.155E-08 5.654E-08 3.603E-08 3.014E-08 2.394E-08 1.883E-08 3.364E-09 1.453E-09 2.172E-09 4.581E-09 2.467E-08 3.642E-08 5.475E-08 4.778E-08 3.578E-08 1.302E-08 9.615E-09 8.282E-09 5.982E-09 6.716E-09 2.316E-09 1.488E-09 1.326E-09 9.445E-10 9.116E-10 1.395E-09 1.865E-09 1.833E-09 1.657E-09 1.520E-09 1.042E-09 5.470E-10 3.555E-10 1.824E-10 1.053E-10
  9.000E-01  2.329E-04 1.792E-04 1.452E-04 1.200E-04 1.012E-04 8.542E-05 7.318E-05 6.288E-05 5.417E-05 4.700E-05 4.090E-05 3.574E-05 2.761E-05 2.162E-05 1.229E-05 7.418E-06 4.697E-06 3.089E-06 1.412E-06 7.066E-07 5.583E-07 4.562E-07 4.063E-07 3.061E-07 2.416E-07 1.523E-07 9.155E-08 5.654E-08 3.603E-08 3.014E-08 2.394E-08 1.883E-08 3.364E-09 1.453E-09 2.172E-09 4.581E-09 2.467E-08 3.642E-08 5.475E-08 4.778E-08 3.578E-08 1.302E-08 9.614E-09 8.281E-09 5.982E-09 6.716E-09 2.316E-09 1.488E-09 1.326E-09 9.445E-10 9.115E-10 1.395E-09 1.864E-09 1.833E-09 1.657E-09 1.520E-09 1.042E-09 5.470E-10 3.555E-10 1.824E-10 1.053E-10
  1.000E+00  2.322E-04 1.789E-04 1.450E-04 1.199E-04 1.011E-04 8.535E-05 7.313E-05 6.284E-05 5.414E-05 4.698E-05 4.088E-05 3.573E-05 2.760E-05 2.161E-05 1.229E-05 7.417E-06 4.696E-06 3.089E-06 1.411E-06 7.065E-07 5.582E-07 4.562E-07 4.062E-07 3.061E-07 2.416E-07 1.523E-07 9.154E-08 5.653E-08 3.603E-08 3.014E-08 2.394E-08 1.883E-08 3.364E-09 1.453E-09 2.172E-09 4.580E-09 2.466E-08 3.642E-08 5.474E-08 4.778E-08 3.578E-08 1.302E-08 9.614E-09 8.281E-09 5.982E-09 6.716E-09 2.316E-09 1.488E-09 1.326E-09 9.445E-10 9.115E-10 1.395E-09 1.864E-09 1.833E-09 1.657E-09 1.520E-09 1.042E-09 5.470E-10 3.555E-10 1.824E-10 1.053E-10
  1.100E+00  2.313E-04 1.784E-04 1.448E-04 1.197E-04 1.010E-04 8.528E-05 7.307E-05 6.280E-05 5.411E-05 4.696E-05 4.086E-05 3.571E-05 2.759E-05 2.161E-05 1.228E-05 7.415E-06 4.696E-06 3.088E-06 1.411E-06 7.064E-07 5.582E-07 4.561E-07 4.062E-07 3.060E-07 2.416E-07 1.523E-07 9.154E-08 5.653E-08 3.603E-08 3.014E-08 2.394E-08 1.883E-08 3.364E-09 1.453E-09 2.172E-09 4.580E-09 2.466E-08 3.642E-08 5.474E-08 4.777E-08 3.577E-08 1.302E-08 9.613E-09 8.281E-09 5.982E-09 6.716E-09 2.316E-09 1.488E-09 1.326E-09 9.444E-10 9.115E-10 1.395E-09 1.864E-09 1.833E-09 1.657E-09 1.520E-09 1.042E-09 5.470E-10 3.555E-10 1.824E-10 1.053E-10
  1.200E+00  2.305E-04 1.780E-04 1.445E-04 1.195E-04 1.009E-04 8.520E-05 7.301E-05 6.276E-05 5.408E-05 4.693E-05 4.084E-05 3.570E-05 2.758E-05 2.160E-05 1.228E-05 7.414E-06 4.695E-06 3.088E-06 1.411E-06 7.063E-07 5.581E-07 4.561E-07 4.061E-07 3.060E-07 2.416E-07 1.523E-07 9.153E-08 5.652E-08 3.602E-08 3.014E-08 2.393E-08 1.883E-08 3.364E-09 1.453E-09 2.172E-09 4.580E-09 2.466E-08 3.642E-08 5.474E-08 4.777E-08 3.577E-08 1.302E-08 9.613E-09 8.280E-09 5.982E-09 6.715E-09 2.316E-09 1.488E-09 1.326E-09 9.444E-10 9.114E-10 1.395E-09 1.864E-09 1.833E-09 1.657E-09 1.520E-09 1.042E-09 5.470E-10 3.554E-10 1.824E-10 1.053E-10
  1.300E+00  2.295E-04 1.775E-04 1.442E-04 1.193E-04 1.008E-04 8.511E-05 7.295E-05 6.271E-05 5.405E-05 4.690E-05 4.082E-05 3.568E-05 2.757E-05 2.159E-05 1.228E-05 7.412E-06 4.694E-06 3.087E-06 1.411E-06 7.062E-07 5.580E-07 4.560E-07 4.061E-07 3.060E-07 2.415E-07 1.523E-07 9.152E-08 5.652E-08 3.602E-08 3.013E-08 2.393E-08 1.883E-08 3.363E-09 1.453E-09 2.171E-09 4.580E-09 2.466E-08 3.642E-08 5.474E-08 4.777E-08 3.577E-08 1.302E-08 9.613E-09 8.280E-09 5.981E-09 6.715E-09 2.316E-09 1.488E-09 1.326E-09 9.444E-10 9.114E-10 1.395E-09 1.864E-09 1.833E-09 1.657E-09 1.520E-09 1.042E-09 5.469E-10 3.554E-10 1.824E-10 1.053E-10
  1.400E+00  2.285E-04 1.769E-04 1.439E-04 1.191E-04 1.006E-04 8.502E-05 7.288E-05 6.266E-05 5.401E-05 4.687E-05 4.080E-05 3.566E-05 2.755E-05 2.158E-05 1.227E-05 7.410E-06 4.693E-06 3.087E-06 1.411E-06 7.061E-07 5.580E-07 4.560E-07 4.060E-07 3.059E-07 2.415E-07 1.523E-07 9.151E-08 5.651E-08 3.602E-08 3.013E-08 2.393E-08 1.883E-08 3.363E-09 1.453E-09 2.171E-09 4.579E-09 2.466E-08 3.641E-08 5.473E-08 4.777E-08 3.577E-08 1.302E-08 9.612E-09 8.280E-09 5.981E-09 6.715E-09 2.315E-09 1.488E-09 1.326E-09 9.443E-10 9.114E-10 1.395E-09 1.864E-09 1.833E-09 1.657E-09 1.520E-09 1.042E-09 5.469E-10 3.554E-10 1.824E-10 1.053E-10
  1.500E+00  2.275E-04 1.764E-04 1.435E-04 1.189E-04 1.005E-04 8.492E-05 7.281E-05 6.261E-05 5.396E-05 4.684E-05 4.077E-05 3.564E-05 2.754E-05 2.157E-05 1.227E-05 7.408E-06 4.691E-06 3.086E-06 1.410E-06 7.060E-07 5.579E-07 4.559E-07 4.060E-07 3.059E-07 2.415E-07 1.523E-07 9.150E-08 5.651E-08 3.601E-08 3.013E-08 2.393E-08 1.883E-08 3.363E-09 1.453E-09 2.171E-09 4.579E-09 2.466E-08 3.641E-08 5.473E-08 4.777E-08 3.577E-08 1.302E-08 9.611E-09 8.279E-09 5.981E-09 6.714E-09 2.315E-09 1.488E-09 1.326E-09 9.443E-10 9.113E-10 1.395E-09 1.864E-09 1.833E-09 1.657E-09 1.520E-09 1.042E-09 5.469E-10 3.554E-10 1.823E-10 1.053E-10
  1.600E+00  2.264E-04 1.758E-04 1.432E-04 1.187E-04 1.003E-04 8.481E-05 7.273E-05 6.255E-05 5.392E-05 4.681E-05 4.074E-05 3.562E-05 2.753E-05 2.156E-05 1.226E-05 7.405E-06 4.690E-06 3.085E-06 1.410E-06 7.059E-07 5.578E-07 4.559E-07 4.059E-07 3.059E-07 2.415E-07 1.522E-07 9.149E-08 5.650E-08 3.601E-08 3.013E-08 2.393E-08 1.882E-08 3.363E-09 1.453E-09 2.171E-09 4.579E-09 2.466E-08 3.641E-08 5.473E-08 4.776E-08 3.577E-08 1.302E-08 9.611E-09 8.279E-09 5.980E-09 6.714E-09 2.315E-09 1.488E-09 1.326E-09 9.442E-10 9.113E-10 1.395E-09 1.864E-09 1.832E-09 1.657E-09 1.520E-09 1.042E-09 5.469E-10 3.554E-10 1.823E-10 1.053E-10
  1.700E+00  2.252E-04 1.752E-04 1.428E-04 1.185E-04 1.002E-04 8.470E-05 7.265E-05 6.249E-05 5.387E-05 4.677E-05 4.072E-05 3.559E-05 2.751E-05 2.155E-05 1.226E-05 7.403E-06 4.689E-06 3.084E-06 1.410E-06 7.058E-07 5.577E-07 4.558E-07 4.059E-07 3.058E-07 2.414E-07 1.522E-07 9.148E-08 5.650E-08 3.601E-08 3.012E-08 2.393E-08 1.882E-08 3.362E-09 1.452E-09 2.171E-09 4.579E-09 2.465E-08 3.641E-08 5.472E-08 4.776E-08 3.576E-08 1.302E-08 9.610E-09 8.278E-09 5.980E-09 6.714E-09 2.315E-09 1.487E-09 1.325E-09 9.442E-10 9.112E-10 1.394E-09 1.864E-09 1.832E-09 1.657E-09 1.520E-09 1.042E-09 5.468E-10 3.554E-10 1.823E-10 1.053E-10
  1.800E+00  2.240E-04 1.745E-04 1.424E-04 1.182E-04 9.999E-05 8.458E-05 7.256E-05 6.242E-05 5.382E-05 4.673E-05 4.068E-05 3.557E-05 2.749E-05 2.154E-05 1.225E-05 7.400E-06 4.687E-06 3.084E-06 1.409E-06 7.056E-07 5.576E-07 4.557E-07 4.058E-07 3.058E-07 2.414E-07 1.522E-07 9.147E-08 5.649E-08 3.600E-08 3.012E-08 2.392E-08 1.882E-08 3.362E-09 1.452E-09 2.171E-09 4.578E-09 2.465E-08 3.640E-08 5.472E-08 4.776E-08 3.576E-08 1.302E-08 9.610E-09 8.278E-09 5.980E-09 6.713E-09 2.315E-09 1.487E-09 1.325E-09 9.441E-10 9.112E-10 1.394E-09 1.864E-09 1.832E-09 1.656E-09 1.520E-09 1.042E-09 5.468E-10 3.553E-10 1.823E-10 1.053E-10
  1.900E+00  2.228E-04 1.738E-04 1.420E-04 1.180E-04 9.982E-05 8.446E-05 7.247E-05 6.235E-05 5.377E-05 4.669E-05 4.065E-05 3.554E-05 2.748E-05 2.153E-05 1.225E-05 7.398E-06 4.686E-06 3.083E-06 1.409E-06 7.055E-07 5.575E-07 4.556E-07 4.057E-07 3.057E-07 2.414E-07 1.522E-07 9.146E-08 5.648E-08 3.600E-08 3.012E-08 2.392E-08 1.882E-08 3.362E-09 1.452E-09 2.171E-09 4.578E-09 2.465E-08 3.640E-08 5.472E-08 4.775E-08 3.576E-08 1.301E-08 9.609E-09 8.277E-09 5.979E-09 6.713E-09 2.315E-09 1.487E-09 1.325E-09 9.440E-10 9.111E-10 1.394E-09 1.864E-09 1.832E-09 1.656E-09 1.520E-09 1.042E-09 5.468E-10 3.553E-10 1.823E-10 1.053E-10
  2.000E+00  2.215E-04 1.731E-04 1.416E-04 1.177E-04 9.963E-05 8.433E-05 7.238E-05 6.228E-05 5.372E-05 4.665E-05 4.062E-05 3.551E-05 2.746E-05 2.151E-05 1.224E-05 7.395E-06 4.684E-06 3.082E-06 1.409E-06 7.054E-07 5.574E-07 4.555E-07 4.057E-07 3.057E-07 2.413E-07 1.521E-07 9.145E-08 5.648E-08 3.600E-08 3.011E-08 2.392E-08 1.882E-08 3.362E-09 1.452E-09 2.170E-09 4.577E-09 2.465E-08 3.640E-08 5.471E-08 4.775E-08 3.576E-08 1.301E-08 9.608E-09 8.276E-09 5.979E-09 6.712E-09 2.315E-09 1.487E-09 1.325E-09 9.440E-10 9.110E-10 1.394E-09 1.863E-09 1.832E-09 1.656E-09 1.520E-09 1.041E-09 5.468E-10 3.553E-10 1.823E-10 1.053E-10
  3.000E+00  2.072E-04 1.650E-04 1.366E-04 1.144E-04 9.738E-05 8.272E-05 7.119E-05 6.139E-05 5.303E-05 4.611E-05 4.019E-05 3.517E-05 2.722E-05 2.135E-05 1.217E-05 7.358E-06 4.664E-06 3.070E-06 1.404E-06 7.035E-07 5.560E-07 4.544E-07 4.047E-07 3.050E-07 2.408E-07 1.519E-07 9.129E-08 5.639E-08 3.594E-08 3.007E-08 2.388E-08 1.879E-08 3.357E-09 1.450E-09 2.168E-09 4.572E-09 2.462E-08 3.636E-08 5.466E-08 4.771E-08 3.572E-08 1.300E-08 9.599E-09 8.269E-09 5.973E-09 6.706E-09 2.312E-09 1.486E-09 1.324E-09 9.432E-10 9.103E-10 1.393E-09 1.862E-09 1.831E-09 1.655E-09 1.518E-09 1.041E-09 5.463E-10 3.550E-10 1.822E-10 1.052E-10
  4.000E+00  1.912E-04 1.555E-04 1.306E-04 1.104E-04 9.454E-05 8.066E-05 6.966E-05 6.022E-05 5.212E-05 4.539E-05 3.961E-05 3.470E-05 2.691E-05 2.113E-05 1.207E-05 7.308E-06 4.636E-06 3.054E-06 1.398E-06 7.009E-07 5.540E-07 4.529E-07 4.034E-07 3.040E-07 2.401E-07 1.515E-07 9.106E-08 5.626E-08 3.587E-08 3.001E-08 2.384E-08 1.876E-08 3.352E-09 1.448E-09 2.165E-09 4.565E-09 2.459E-08 3.631E-08 5.459E-08 4.765E-08 3.568E-08 1.298E-08 9.586E-09 8.258E-09 5.966E-09 6.698E-09 2.310E-09 1.484E-09 1.322E-09 9.420E-10 9.092E-10 1.391E-09 1.860E-09 1.828E-09 1.653E-09 1.517E-09 1.039E-09 5.457E-10 3.546E-10 1.820E-10 1.051E-10
  5.000E+00  1.751E-04 1.455E-04 1.240E-04 1.058E-04 9.127E-05 7.826E-05 6.784E-05 5.881E-05 5.102E-05 4.451E-05 3.891E-05 3.413E-05 2.652E-05 2.086E-05 1.194E-05 7.244E-06 4.601E-06 3.033E-06 1.390E-06 6.976E-07 5.515E-07 4.510E-07 4.017E-07 3.028E-07 2.392E-07 1.509E-07 9.078E-08 5.610E-08 3.577E-08 2.993E-08 2.378E-08 1.872E-08 3.344E-09 1.445E-09 2.160E-09 4.556E-09 2.454E-08 3.625E-08 5.450E-08 4.757E-08 3.562E-08 1.296E-08 9.569E-09 8.243E-09 5.956E-09 6.687E-09 2.306E-09 1.482E-09 1.320E-09 9.406E-10 9.078E-10 1.389E-09 1.857E-09 1.826E-09 1.651E-09 1.515E-09 1.038E-09 5.449E-10 3.541E-10 1.817E-10 1.049E-10
  6.000E+00  1.596E-04 1.355E-04 1.171E-04 1.010E-04 8.772E-05 7.560E-05 6.581E-05 5.723E-05 4.977E-05 4.351E-05 3.810E-05 3.347E-05 2.606E-05 2.054E-05 1.180E-05 7.168E-06 4.559E-06 3.009E-06 1.381E-06 6.937E-07 5.485E-07 4.486E-07 3.997E-07 3.014E-07 2.381E-07 1.503E-07 9.043E-08 5.590E-08 3.565E-08 2.983E-08 2.370E-08 1.867E-08 3.335E-09 1.441E-09 2.155E-09 4.546E-09 2.449E-08 3.617E-08 5.439E-08 4.747E-08 3.554E-08 1.293E-08 9.548E-09 8.226E-09 5.944E-09 6.673E-09 2.301E-09 1.479E-09 1.318E-09 9.388E-10 9.061E-10 1.387E-09 1.854E-09 1.822E-09 1.648E-09 1.512E-09 1.036E-09 5.440E-10 3.535E-10 1.814E-10 1.047E-10
  8.000E+00  1.317E-04 1.164E-04 1.035E-04 9.099E-05 8.022E-05 6.987E-05 6.133E-05 5.369E-05 4.694E-05 4.122E-05 3.623E-05 3.193E-05 2.499E-05 1.977E-05 1.144E-05 6.982E-06 4.456E-06 2.948E-06 1.358E-06 6.838E-07 5.410E-07 4.428E-07 3.946E-07 2.977E-07 2.354E-07 1.488E-07 8.956E-08 5.540E-08 3.536E-08 2.959E-08 2.352E-08 1.853E-08 3.312E-09 1.432E-09 2.142E-09 4.518E-09 2.435E-08 3.598E-08 5.412E-08 4.723E-08 3.536E-08 1.286E-08 9.497E-09 8.183E-09 5.914E-09 6.640E-09 2.290E-09 1.471E-09 1.311E-09 9.342E-10 9.018E-10 1.380E-09 1.845E-09 1.814E-09 1.640E-09 1.505E-09 1.032E-09 5.416E-10 3.520E-10 1.806E-10 1.043E-10
  1.000E+01  1.086E-04 9.943E-05 9.079E-05 8.129E-05 7.268E-05 6.395E-05 5.661E-05 4.989E-05 4.385E-05 3.869E-05 3.413E-05 3.018E-05 2.376E-05 1.888E-05 1.101E-05 6.758E-06 4.330E-06 2.873E-06 1.329E-06 6.714E-07 5.317E-07 4.355E-07 3.883E-07 2.932E-07 2.319E-07 1.468E-07 8.847E-08 5.477E-08 3.498E-08 2.929E-08 2.328E-08 1.837E-08 3.284E-09 1.420E-09 2.125E-09 4.483E-09 2.417E-08 3.573E-08 5.376E-08 4.693E-08 3.513E-08 1.277E-08 9.431E-09 8.128E-09 5.875E-09 6.597E-09 2.275E-09 1.462E-09 1.303E-09 9.285E-10 8.963E-10 1.372E-09 1.834E-09 1.804E-09 1.631E-09 1.497E-09 1.026E-09 5.386E-10 3.500E-10 1.796E-10 1.037E-10
  1.200E+01  8.992E-05 8.490E-05 7.937E-05 7.226E-05 6.544E-05 5.813E-05 5.186E-05 4.600E-05 4.065E-05 3.603E-05 3.192E-05 2.832E-05 2.243E-05 1.790E-05 1.053E-05 6.503E-06 4.186E-06 2.787E-06 1.295E-06 6.569E-07 5.206E-07 4.268E-07 3.807E-07 2.877E-07 2.279E-07 1.444E-07 8.716E-08 5.402E-08 3.454E-08 2.893E-08 2.300E-08 1.817E-08 3.249E-09 1.405E-09 2.104E-09 4.441E-09 2.396E-08 3.542E-08 5.334E-08 4.655E-08 3.484E-08 1.266E-08 9.351E-09 8.061E-09 5.828E-09 6.545E-09 2.257E-09 1.451E-09 1.293E-09 9.215E-10 8.896E-10 1.362E-09 1.821E-09 1.791E-09 1.619E-09 1.486E-09 1.019E-09 5.349E-10 3.476E-10 1.784E-10 1.030E-10
  1.400E+01  7.486E-05 7.262E-05 6.930E-05 6.403E-05 5.867E-05 5.258E-05 4.726E-05 4.218E-05 3.746E-05 3.335E-05 2.966E-05 2.641E-05 2.104E-05 1.688E-05 1.002E-05 6.226E-06 4.027E-06 2.692E-06 1.258E-06 6.406E-07 5.082E-07 4.170E-07 3.722E-07 2.816E-07 2.232E-07 1.418E-07 8.566E-08 5.316E-08 3.402E-08 2.850E-08 2.267E-08 1.794E-08 3.209E-09 1.388E-09 2.080E-09 4.391E-09 2.371E-08 3.507E-08 5.284E-08 4.612E-08 3.451E-08 1.254E-08 9.257E-09 7.982E-09 5.773E-09 6.484E-09 2.236E-09 1.437E-09 1.281E-09 9.133E-10 8.818E-10 1.350E-09 1.805E-09 1.776E-09 1.606E-09 1.474E-09 1.010E-09 5.305E-10 3.448E-10 1.770E-10 1.022E-10
  1.600E+01  6.274E-05 6.228E-05 6.052E-05 5.666E-05 5.246E-05 4.739E-05 4.289E-05 3.850E-05 3.436E-05 3.072E-05 2.742E-05 2.450E-05 1.963E-05 1.583E-05 9.482E-06 5.934E-06 3.858E-06 2.589E-06 1.217E-06 6.226E-07 4.944E-07 4.062E-07 3.628E-07 2.748E-07 2.181E-07 1.388E-07 8.398E-08 5.219E-08 3.344E-08 2.803E-08 2.231E-08 1.767E-08 3.163E-09 1.369E-09 2.053E-09 4.335E-09 2.342E-08 3.467E-08 5.227E-08 4.562E-08 3.413E-08 1.239E-08 9.151E-09 7.894E-09 5.711E-09 6.414E-09 2.212E-09 1.422E-09 1.268E-09 9.040E-10 8.729E-10 1.337E-09 1.787E-09 1.759E-09 1.591E-09 1.460E-09 1.001E-09 5.256E-10 3.416E-10 1.753E-10 1.013E-10
  1.800E+01  5.294E-05 5.358E-05 5.290E-05 5.009E-05 4.682E-05 4.260E-05 3.880E-05 3.501E-05 3.139E-05 2.819E-05 2.525E-05 2.263E-05 1.824E-05 1.478E-05 8.937E-06 5.632E-06 3.681E-06 2.481E-06 1.173E-06 6.033E-07 4.797E-07 3.946E-07 3.526E-07 2.674E-07 2.125E-07 1.355E-07 8.215E-08 5.113E-08 3.280E-08 2.751E-08 2.190E-08 1.738E-08 3.113E-09 1.348E-09 2.023E-09 4.273E-09 2.311E-08 3.422E-08 5.163E-08 4.507E-08 3.371E-08 1.223E-08 9.033E-09 7.794E-09 5.642E-09 6.337E-09 2.185E-09 1.405E-09 1.253E-09 8.936E-10 8.630E-10 1.322E-09 1.767E-09 1.740E-09 1.574E-09 1.444E-09 9.903E-10 5.201E-10 3.380E-10 1.735E-10 1.002E-10
  2.000E+01  4.496E-05 4.626E-05 4.630E-05 4.428E-05 4.174E-05 3.822E-05 3.502E-05 3.175E-05 2.859E-05 2.577E-05 2.317E-05 2.083E-05 1.688E-05 1.374E-05 8.392E-06 5.326E-06 3.500E-06 2.370E-06 1.128E-06 5.830E-07 4.640E-07 3.823E-07 3.419E-07 2.596E-07 2.065E-07 1.320E-07 8.018E-08 4.999E-08 3.212E-08 2.695E-08 2.147E-08 1.707E-08 3.058E-09 1.326E-09 1.991E-09 4.206E-09 2.276E-08 3.373E-08 5.093E-08 4.447E-08 3.325E-08 1.206E-08 8.903E-09 7.686E-09 5.566E-09 6.252E-09 2.156E-09 1.387E-09 1.236E-09 8.821E-10 8.521E-10 1.305E-09 1.746E-09 1.718E-09 1.555E-09 1.427E-09 9.786E-10 5.140E-10 3.341E-10 1.715E-10 9.908E-11
  2.200E+01  3.841E-05 4.007E-05 4.058E-05 3.916E-05 3.718E-05 3.424E-05 3.154E-05 2.873E-05 2.598E-05 2.350E-05 2.120E-05 1.912E-05 1.558E-05 1.274E-05 7.853E-06 5.020E-06 3.318E-06 2.257E-06 1.081E-06 5.619E-07 4.478E-07 3.694E-07 3.306E-07 2.514E-07 2.003E-07 1.283E-07 7.810E-08 4.878E-08 3.138E-08 2.635E-08 2.100E-08 1.673E-08 2.999E-09 1.301E-09 1.955E-09 4.133E-09 2.239E-08 3.319E-08 5.017E-08 4.381E-08 3.275E-08 1.187E-08 8.763E-09 7.568E-09 5.483E-09 6.160E-09 2.124E-09 1.367E-09 1.218E-09 8.697E-10 8.403E-10 1.287E-09 1.722E-09 1.696E-09 1.534E-09 1.409E-09 9.660E-10 5.074E-10 3.298E-10 1.693E-10 9.783E-11
  2.400E+01  3.301E-05 3.482E-05 3.563E-05 3.464E-05 3.311E-05 3.065E-05 2.837E-05 2.596E-05 2.355E-05 2.138E-05 1.935E-05 1.750E-05 1.434E-05 1.178E-05 7.329E-06 4.718E-06 3.136E-06 2.143E-06 1.034E-06 5.402E-07 4.311E-07 3.561E-07 3.190E-07 2.429E-07 1.938E-07 1.245E-07 7.591E-08 4.750E-08 3.061E-08 2.571E-08 2.051E-08 1.637E-08 2.937E-09 1.275E-09 1.918E-09 4.055E-09 2.199E-08 3.262E-08 4.936E-08 4.310E-08 3.221E-08 1.166E-08 8.613E-09 7.441E-09 5.395E-09 6.061E-09 2.090E-09 1.345E-09 1.199E-09 8.564E-10 8.276E-10 1.268E-09 1.697E-09 1.671E-09 1.512E-09 1.389E-09 9.523E-10 5.003E-10 3.252E-10 1.670E-10 9.649E-11
  2.600E+01  2.852E-05 3.036E-05 3.134E-05 3.067E-05 2.949E-05 2.742E-05 2.550E-05 2.342E-05 2.132E-05 1.942E-05 1.763E-05 1.599E-05 1.317E-05 1.087E-05 6.822E-06 4.423E-06 2.957E-06 2.030E-06 9.859E-07 5.183E-07 4.141E-07 3.426E-07 3.071E-07 2.341E-07 1.871E-07 1.205E-07 7.365E-08 4.617E-08 2.980E-08 2.505E-08 1.999E-08 1.599E-08 2.872E-09 1.247E-09 1.878E-09 3.973E-09 2.156E-08 3.202E-08 4.850E-08 4.235E-08 3.164E-08 1.145E-08 8.453E-09 7.308E-09 5.301E-09 5.956E-09 2.054E-09 1.322E-09 1.179E-09 8.423E-10 8.141E-10 1.248E-09 1.669E-09 1.645E-09 1.489E-09 1.367E-09 9.378E-10 4.927E-10 3.203E-10 1.645E-10 9.507E-11
  2.800E+01  2.475E-05 2.655E-05 2.761E-05 2.717E-05 2.626E-05 2.453E-05 2.290E-05 2.111E-05 1.928E-05 1.762E-05 1.604E-05 1.459E-05 1.207E-05 1.000E-05 6.337E-06 4.138E-06 2.782E-06 1.919E-06 9.383E-07 4.962E-07 3.970E-07 3.289E-07 2.951E-07 2.253E-07 1.803E-07 1.165E-07 7.133E-08 4.481E-08 2.897E-08 2.436E-08 1.945E-08 1.560E-08 2.803E-09 1.219E-09 1.837E-09 3.887E-09 2.112E-08 3.138E-08 4.759E-08 4.156E-08 3.103E-08 1.122E-08 8.286E-09 7.167E-09 5.202E-09 5.846E-09 2.016E-09 1.298E-09 1.158E-09 8.274E-10 7.998E-10 1.226E-09 1.641E-09 1.617E-09 1.464E-09 1.345E-09 9.225E-10 4.848E-10 3.151E-10 1.619E-10 9.356E-11
  3.000E+01  2.158E-05 2.329E-05 2.437E-05 2.410E-05 2.340E-05 2.194E-05 2.056E-05 1.901E-05 1.742E-05 1.596E-05 1.457E-05 1.329E-05 1.105E-05 9.194E-06 5.876E-06 3.863E-06 2.612E-06 1.810E-06 8.913E-07 4.741E-07 3.798E-07 3.152E-07 2.830E-07 2.164E-07 1.734E-07 1.124E-07 6.896E-08 4.341E-08 2.811E-08 2.366E-08 1.891E-08 1.520E-08 2.733E-09 1.189E-09 1.794E-09 3.798E-09 2.066E-08 3.072E-08 4.664E-08 4.073E-08 3.040E-08 1.098E-08 8.111E-09 7.020E-09 5.099E-09 5.730E-09 1.976E-09 1.273E-09 1.135E-09 8.118E-10 7.850E-10 1.203E-09 1.611E-09 1.588E-09 1.438E-09 1.321E-09 9.064E-10 4.764E-10 3.097E-10 1.591E-10 9.198E-11
  3.200E+01  1.889E-05 2.048E-05 2.154E-05 2.140E-05 2.086E-05 1.963E-05 1.845E-05 1.712E-05 1.573E-05 1.446E-05 1.323E-05 1.209E-05 1.010E-05 8.439E-06 5.440E-06 3.601E-06 2.448E-06 1.704E-06 8.452E-07 4.522E-07 3.628E-07 3.015E-07 2.709E-07 2.075E-07 1.666E-07 1.082E-07 6.656E-08 4.199E-08 2.724E-08 2.294E-08 1.834E-08 1.478E-08 2.661E-09 1.159E-09 1.750E-09 3.706E-09 2.018E-08 3.004E-08 4.565E-08 3.987E-08 2.975E-08 1.074E-08 7.930E-09 6.867E-09 4.992E-09 5.610E-09 1.935E-09 1.247E-09 1.112E-09 7.956E-10 7.695E-10 1.180E-09 1.580E-09 1.558E-09 1.411E-09 1.297E-09 8.897E-10 4.677E-10 3.041E-10 1.563E-10 9.034E-11
  3.400E+01  1.660E-05 1.806E-05 1.908E-05 1.902E-05 1.862E-05 1.756E-05 1.657E-05 1.541E-05 1.420E-05 1.308E-05 1.200E-05 1.100E-05 9.222E-06 7.738E-06 5.029E-06 3.352E-06 2.291E-06 1.602E-06 8.001E-07 4.306E-07 3.460E-07 2.879E-07 2.590E-07 1.986E-07 1.597E-07 1.041E-07 6.415E-08 4.055E-08 2.636E-08 2.221E-08 1.777E-08 1.436E-08 2.587E-09 1.127E-09 1.705E-09 3.612E-09 1.968E-08 2.933E-08 4.463E-08 3.898E-08 2.907E-08 1.048E-08 7.744E-09 6.710E-09 4.881E-09 5.486E-09 1.893E-09 1.220E-09 1.088E-09 7.789E-10 7.535E-10 1.156E-09 1.548E-09 1.527E-09 1.384E-09 1.271E-09 8.724E-10 4.587E-10 2.982E-10 1.533E-10 8.863E-11
  3.600E+01  1.464E-05 1.597E-05 1.693E-05 1.693E-05 1.663E-05 1.573E-05 1.488E-05 1.388E-05 1.282E-05 1.184E-05 1.088E-05 9.996E-06 8.417E-06 7.089E-06 4.645E-06 3.116E-06 2.141E-06 1.504E-06 7.563E-07 4.095E-07 3.294E-07 2.746E-07 2.472E-07 1.899E-07 1.529E-07 9.992E-08 6.174E-08 3.911E-08 2.547E-08 2.148E-08 1.720E-08 1.393E-08 2.512E-09 1.096E-09 1.659E-09 3.516E-09 1.918E-08 2.860E-08 4.358E-08 3.807E-08 2.838E-08 1.022E-08 7.553E-09 6.549E-09 4.768E-09 5.359E-09 1.849E-09 1.192E-09 1.064E-09 7.618E-10 7.372E-10 1.131E-09 1.515E-09 1.495E-09 1.355E-09 1.245E-09 8.545E-10 4.494E-10 2.922E-10 1.502E-10 8.688E-11
  3.800E+01  1.295E-05 1.415E-05 1.506E-05 1.510E-05 1.486E-05 1.410E-05 1.337E-05 1.250E-05 1.157E-05 1.071E-05 9.871E-06 9.084E-06 7.679E-06 6.491E-06 4.286E-06 2.893E-06 1.999E-06 1.411E-06 7.140E-07 3.888E-07 3.132E-07 2.615E-07 2.356E-07 1.813E-07 1.462E-07 9.582E-08 5.934E-08 3.768E-08 2.458E-08 2.074E-08 1.662E-08 1.349E-08 2.437E-09 1.064E-09 1.613E-09 3.419E-09 1.867E-08 2.786E-08 4.250E-08 3.714E-08 2.767E-08 9.959E-09 7.358E-09 6.385E-09 4.653E-09 5.230E-09 1.805E-09 1.164E-09 1.039E-09 7.443E-10 7.204E-10 1.105E-09 1.481E-09 1.463E-09 1.326E-09 1.218E-09 8.362E-10 4.399E-10 2.861E-10 1.471E-10 8.509E-11
  4.000E+01  1.149E-05 1.258E-05 1.341E-05 1.348E-05 1.330E-05 1.264E-05 1.202E-05 1.126E-05 1.045E-05 9.695E-06 8.951E-06 8.254E-06 7.004E-06 5.941E-06 3.953E-06 2.685E-06 1.864E-06 1.321E-06 6.733E-07 3.688E-07 2.975E-07 2.487E-07 2.243E-07 1.728E-07 1.396E-07 9.177E-08 5.697E-08 3.625E-08 2.370E-08 2.001E-08 1.605E-08 1.306E-08 2.361E-09 1.032E-09 1.566E-09 3.321E-09 1.815E-08 2.712E-08 4.141E-08 3.619E-08 2.695E-08 9.691E-09 7.161E-09 6.219E-09 4.535E-09 5.098E-09 1.760E-09 1.136E-09 1.013E-09 7.265E-10 7.034E-10 1.080E-09 1.446E-09 1.429E-09 1.296E-09 1.191E-09 8.176E-10 4.302E-10 2.798E-10 1.439E-10 8.327E-11
  4.200E+01  1.023E-05 1.120E-05 1.197E-05 1.205E-05 1.192E-05 1.135E-05 1.082E-05 1.016E-05 9.443E-06 8.777E-06 8.119E-06 7.501E-06 6.388E-06 5.436E-06 3.643E-06 2.489E-06 1.737E-06 1.237E-06 6.342E-07 3.494E-07 2.822E-07 2.363E-07 2.132E-07 1.646E-07 1.332E-07 8.778E-08 5.462E-08 3.484E-08 2.282E-08 1.928E-08 1.547E-08 1.262E-08 2.285E-09 9.998E-10 1.519E-09 3.223E-09 1.763E-08 2.636E-08 4.031E-08 3.522E-08 2.622E-08 9.421E-09 6.962E-09 6.051E-09 4.417E-09 4.965E-09 1.714E-09 1.107E-09 9.875E-10 7.086E-10 6.863E-10 1.054E-09 1.412E-09 1.396E-09 1.266E-09 1.164E-09 7.988E-10 4.204E-10 2.735E-10 1.407E-10 8.143E-11
  4.400E+01  9.129E-06 9.999E-06 1.070E-05 1.079E-05 1.070E-05 1.021E-05 9.741E-06 9.165E-06 8.538E-06 7.950E-06 7.368E-06 6.818E-06 5.826E-06 4.974E-06 3.357E-06 2.307E-06 1.618E-06 1.156E-06 5.969E-07 3.307E-07 2.675E-07 2.243E-07 2.026E-07 1.566E-07 1.269E-07 8.389E-08 5.232E-08 3.344E-08 2.195E-08 1.856E-08 1.491E-08 1.219E-08 2.210E-09 9.679E-10 1.473E-09 3.125E-09 1.711E-08 2.560E-08 3.919E-08 3.426E-08 2.549E-08 9.150E-09 6.763E-09 5.882E-09 4.298E-09 4.831E-09 1.668E-09 1.078E-09 9.617E-10 6.905E-10 6.690E-10 1.027E-09 1.377E-09 1.362E-09 1.235E-09 1.136E-09 7.797E-10 4.106E-10 2.671E-10 1.375E-10 7.957E-11
  4.600E+01  8.169E-06 8.947E-06 9.591E-06 9.685E-06 9.615E-06 9.185E-06 8.783E-06 8.278E-06 7.725E-06 7.205E-06 6.689E-06 6.201E-06 5.315E-06 4.552E-06 3.092E-06 2.137E-06 1.506E-06 1.081E-06 5.613E-07 3.127E-07 2.533E-07 2.127E-07 1.922E-07 1.488E-07 1.208E-07 8.009E-08 5.008E-08 3.208E-08 2.109E-08 1.785E-08 1.435E-08 1.176E-08 2.136E-09 9.363E-10 1.426E-09 3.028E-09 1.659E-08 2.484E-08 3.808E-08 3.328E-08 2.476E-08 8.879E-09 6.564E-09 5.714E-09 4.180E-09 4.697E-09 1.623E-09 1.049E-09 9.359E-10 6.725E-10 6.517E-10 1.001E-09 1.341E-09 1.328E-09 1.205E-09 1.108E-09 7.606E-10 4.007E-10 2.607E-10 1.342E-10 7.770E-11
  4.800E+01  7.329E-06 8.025E-06 8.611E-06 8.704E-06 8.654E-06 8.278E-06 7.929E-06 7.485E-06 6.995E-06 6.536E-06 6.077E-06 5.642E-06 4.851E-06 4.166E-06 2.848E-06 1.979E-06 1.401E-06 1.009E-06 5.275E-07 2.955E-07 2.396E-07 2.015E-07 1.823E-07 1.414E-07 1.149E-07 7.640E-08 4.788E-08 3.074E-08 2.026E-08 1.715E-08 1.380E-08 1.134E-08 2.062E-09 9.051E-10 1.381E-09 2.932E-09 1.607E-08 2.409E-08 3.696E-08 3.231E-08 2.402E-08 8.610E-09 6.365E-09 5.546E-09 4.061E-09 4.563E-09 1.577E-09 1.020E-09 9.103E-10 6.545E-10 6.345E-10 9.746E-10 1.306E-09 1.294E-09 1.174E-09 1.080E-09 7.415E-10 3.908E-10 2.543E-10 1.309E-10 7.584E-11
  5.000E+01  6.593E-06 7.214E-06 7.747E-06 7.838E-06 7.803E-06 7.472E-06 7.167E-06 6.776E-06 6.342E-06 5.934E-06 5.525E-06 5.137E-06 4.430E-06 3.814E-06 2.624E-06 1.832E-06 1.303E-06 9.422E-07 4.954E-07 2.790E-07 2.266E-07 1.908E-07 1.727E-07 1.342E-07 1.092E-07 7.283E-08 4.575E-08 2.944E-08 1.944E-08 1.647E-08 1.326E-08 1.093E-08 1.990E-09 8.745E-10 1.336E-09 2.837E-09 1.556E-08 2.334E-08 3.585E-08 3.134E-08 2.329E-08 8.342E-09 6.169E-09 5.380E-09 3.944E-09 4.430E-09 1.532E-09 9.910E-10 8.848E-10 6.367E-10 6.174E-10 9.485E-10 1.272E-09 1.260E-09 1.144E-09 1.052E-09 7.225E-10 3.809E-10 2.480E-10 1.277E-10 7.399E-11
  5.200E+01  5.944E-06 6.500E-06 6.985E-06 7.071E-06 7.047E-06 6.755E-06 6.488E-06 6.142E-06 5.756E-06 5.393E-06 5.028E-06 4.682E-06 4.048E-06 3.494E-06 2.417E-06 1.697E-06 1.212E-06 8.794E-07 4.651E-07 2.633E-07 2.141E-07 1.806E-07 1.636E-07 1.273E-07 1.037E-07 6.938E-08 4.369E-08 2.818E-08 1.864E-08 1.581E-08 1.274E-08 1.053E-08 1.920E-09 8.446E-10 1.292E-09 2.744E-09 1.506E-08 2.259E-08 3.474E-08 3.038E-08 2.256E-08 8.079E-09 5.975E-09 5.216E-09 3.829E-09 4.299E-09 1.487E-09 9.627E-10 8.597E-10 6.191E-10 6.006E-10 9.228E-10 1.237E-09 1.227E-09 1.114E-09 1.025E-09 7.037E-10 3.712E-10 2.417E-10 1.245E-10 7.216E-11
  5.400E+01  5.373E-06 5.870E-06 6.310E-06 6.392E-06 6.376E-06 6.117E-06 5.882E-06 5.575E-06 5.230E-06 4.907E-06 4.581E-06 4.270E-06 3.701E-06 3.203E-06 2.228E-06 1.571E-06 1.126E-06 8.206E-07 4.365E-07 2.484E-07 2.022E-07 1.708E-07 1.549E-07 1.206E-07 9.850E-08 6.607E-08 4.171E-08 2.696E-08 1.787E-08 1.517E-08 1.223E-08 1.013E-08 1.852E-09 8.155E-10 1.249E-09 2.654E-09 1.456E-08 2.186E-08 3.365E-08 2.943E-08 2.185E-08 7.819E-09 5.784E-09 5.055E-09 3.715E-09 4.170E-09 1.444E-09 9.350E-10 8.351E-10 6.018E-10 5.840E-10 8.975E-10 1.203E-09 1.194E-09 1.085E-09 9.978E-10 6.851E-10 3.616E-10 2.355E-10 1.214E-10 7.036E-11
  5.600E+01  4.868E-06 5.314E-06 5.714E-06 5.790E-06 5.780E-06 5.550E-06 5.342E-06 5.067E-06 4.760E-06 4.470E-06 4.178E-06 3.899E-06 3.387E-06 2.938E-06 2.054E-06 1.455E-06 1.047E-06 7.657E-07 4.096E-07 2.343E-07 1.910E-07 1.615E-07 1.466E-07 1.143E-07 9.350E-08 6.289E-08 3.980E-08 2.579E-08 1.713E-08 1.455E-08 1.174E-08 9.752E-09 1.785E-09 7.872E-10 1.207E-09 2.566E-09 1.408E-08 2.115E-08 3.258E-08 2.850E-08 2.115E-08 7.565E-09 5.598E-09 4.898E-09 3.604E-09 4.043E-09 1.401E-09 9.078E-10 8.110E-10 5.850E-10 5.679E-10 8.727E-10 1.170E-09 1.162E-09 1.056E-09 9.712E-10 6.668E-10 3.522E-10 2.294E-10 1.183E-10 6.861E-11
  5.800E+01  4.421E-06 4.821E-06 5.185E-06 5.255E-06 5.250E-06 5.043E-06 4.859E-06 4.614E-06 4.337E-06 4.078E-06 3.815E-06 3.565E-06 3.103E-06 2.697E-06 1.895E-06 1.348E-06 9.742E-07 7.146E-07 3.843E-07 2.209E-07 1.803E-07 1.527E-07 1.387E-07 1.084E-07 8.873E-08 5.985E-08 3.797E-08 2.466E-08 1.641E-08 1.395E-08 1.127E-08 9.383E-09 1.721E-09 7.599E-10 1.167E-09 2.481E-09 1.361E-08 2.045E-08 3.153E-08 2.758E-08 2.046E-08 7.318E-09 5.416E-09 4.744E-09 3.496E-09 3.920E-09 1.359E-09 8.814E-10 7.876E-10 5.686E-10 5.521E-10 8.485E-10 1.138E-09 1.131E-09 1.028E-09 9.454E-10 6.490E-10 3.431E-10 2.235E-10 1.153E-10 6.689E-11
  6.000E+01  4.024E-06 4.384E-06 4.715E-06 4.780E-06 4.778E-06 4.592E-06 4.428E-06 4.208E-06 3.959E-06 3.725E-06 3.489E-06 3.263E-06 2.846E-06 2.478E-06 1.749E-06 1.250E-06 9.063E-07 6.669E-07 3.606E-07 2.083E-07 1.703E-07 1.444E-07 1.312E-07 1.027E-07 8.420E-08 5.695E-08 3.622E-08 2.358E-08 1.573E-08 1.338E-08 1.081E-08 9.028E-09 1.660E-09 7.337E-10 1.128E-09 2.399E-09 1.315E-08 1.977E-08 3.050E-08 2.669E-08 1.978E-08 7.078E-09 5.240E-09 4.596E-09 3.391E-09 3.800E-09 1.319E-09 8.559E-10 7.649E-10 5.527E-10 5.369E-10 8.251E-10 1.106E-09 1.101E-09 1.000E-09 9.203E-10 6.317E-10 3.342E-10 2.178E-10 1.124E-10 6.523E-11
  6.200E+01  3.671E-06 3.996E-06 4.298E-06 4.357E-06 4.358E-06 4.189E-06 4.042E-06 3.844E-06 3.619E-06 3.408E-06 3.195E-06 2.990E-06 2.613E-06 2.279E-06 1.616E-06 1.159E-06 8.435E-07 6.227E-07 3.384E-07 1.965E-07 1.608E-07 1.365E-07 1.242E-07 9.729E-08 7.990E-08 5.419E-08 3.455E-08 2.255E-08 1.507E-08 1.283E-08 1.038E-08 8.688E-09 1.601E-09 7.086E-10 1.091E-09 2.321E-09 1.271E-08 1.912E-08 2.950E-08 2.582E-08 1.913E-08 6.846E-09 5.070E-09 4.452E-09 3.290E-09 3.684E-09 1.280E-09 8.313E-10 7.431E-10 5.374E-10 5.223E-10 8.026E-10 1.076E-09 1.071E-09 9.738E-10 8.960E-10 6.149E-10 3.256E-10 2.122E-10 1.096E-10 6.364E-11
  6.400E+01  3.357E-06 3.650E-06 3.926E-06 3.981E-06 3.983E-06 3.830E-06 3.697E-06 3.518E-06 3.314E-06 3.124E-06 2.930E-06 2.745E-06 2.402E-06 2.099E-06 1.494E-06 1.076E-06 7.855E-07 5.816E-07 3.177E-07 1.853E-07 1.518E-07 1.291E-07 1.175E-07 9.222E-08 7.585E-08 5.158E-08 3.297E-08 2.157E-08 1.445E-08 1.231E-08 9.968E-09 8.363E-09 1.545E-09 6.847E-10 1.056E-09 2.246E-09 1.229E-08 1.848E-08 2.853E-08 2.498E-08 1.850E-08 6.622E-09 4.907E-09 4.314E-09 3.194E-09 3.572E-09 1.243E-09 8.077E-10 7.222E-10 5.228E-10 5.082E-10 7.810E-10 1.047E-09 1.043E-09 9.485E-10 8.727E-10 5.988E-10 3.174E-10 2.069E-10 1.069E-10 6.211E-11
  6.600E+01  3.077E-06 3.343E-06 3.595E-06 3.645E-06 3.648E-06 3.509E-06 3.389E-06 3.226E-06 3.041E-06 2.868E-06 2.691E-06 2.523E-06 2.211E-06 1.935E-06 1.383E-06 9.990E-07 7.319E-07 5.435E-07 2.984E-07 1.749E-07 1.435E-07 1.221E-07 1.113E-07 8.744E-08 7.202E-08 4.912E-08 3.148E-08 2.064E-08 1.386E-08 1.182E-08 9.576E-09 8.055E-09 1.492E-09 6.621E-10 1.023E-09 2.175E-09 1.189E-08 1.788E-08 2.759E-08 2.416E-08 1.789E-08 6.408E-09 4.750E-09 4.182E-09 3.101E-09 3.466E-09 1.207E-09 7.853E-10 7.023E-10 5.088E-10 4.949E-10 7.604E-10 1.019E-09 1.016E-09 9.244E-10 8.504E-10 5.833E-10 3.095E-10 2.019E-10 1.043E-10 6.066E-11
  6.800E+01  2.827E-06 3.068E-06 3.300E-06 3.346E-06 3.349E-06 3.221E-06 3.112E-06 2.964E-06 2.795E-06 2.637E-06 2.477E-06 2.323E-06 2.039E-06 1.787E-06 1.281E-06 9.287E-07 6.825E-07 5.083E-07 2.805E-07 1.652E-07 1.356E-07 1.156E-07 1.054E-07 8.296E-08 6.843E-08 4.680E-08 3.007E-08 1.976E-08 1.330E-08 1.135E-08 9.205E-09 7.763E-09 1.441E-09 6.408E-10 9.911E-10 2.108E-09 1.150E-08 1.730E-08 2.669E-08 2.338E-08 1.730E-08 6.204E-09 4.601E-09 4.057E-09 3.014E-09 3.364E-09 1.174E-09 7.640E-10 6.835E-10 4.957E-10 4.823E-10 7.410E-10 9.928E-10 9.910E-10 9.015E-10 8.293E-10 5.687E-10 3.021E-10 1.971E-10 1.019E-10 5.929E-11
  7.000E+01  2.604E-06 2.824E-06 3.036E-06 3.078E-06 3.082E-06 2.964E-06 2.865E-06 2.729E-06 2.574E-06 2.430E-06 2.283E-06 2.143E-06 1.883E-06 1.652E-06 1.188E-06 8.643E-07 6.371E-07 4.758E-07 2.638E-07 1.561E-07 1.283E-07 1.095E-07 9.992E-08 7.877E-08 6.507E-08 4.462E-08 2.874E-08 1.894E-08 1.277E-08 1.091E-08 8.857E-09 7.488E-09 1.394E-09 6.208E-10 9.617E-10 2.046E-09 1.114E-08 1.674E-08 2.583E-08 2.263E-08 1.674E-08 6.011E-09 4.460E-09 3.939E-09 2.931E-09 3.268E-09 1.142E-09 7.441E-10 6.658E-10 4.834E-10 4.705E-10 7.227E-10 9.680E-10 9.671E-10 8.800E-10 8.095E-10 5.548E-10 2.952E-10 1.927E-10 9.968E-11 5.801E-11
  7.200E+01  2.404E-06 2.605E-06 2.801E-06 2.839E-06 2.843E-06 2.734E-06 2.643E-06 2.518E-06 2.376E-06 2.244E-06 2.109E-06 1.980E-06 1.742E-06 1.530E-06 1.104E-06 8.053E-07 5.953E-07 4.458E-07 2.483E-07 1.476E-07 1.215E-07 1.039E-07 9.481E-08 7.486E-08 6.193E-08 4.259E-08 2.751E-08 1.817E-08 1.228E-08 1.050E-08 8.532E-09 7.230E-09 1.351E-09 6.023E-10 9.343E-10 1.987E-09 1.080E-08 1.622E-08 2.501E-08 2.192E-08 1.621E-08 5.829E-09 4.328E-09 3.828E-09 2.854E-09 3.177E-09 1.112E-09 7.255E-10 6.493E-10 4.719E-10 4.595E-10 7.056E-10 9.449E-10 9.449E-10 8.600E-10 7.909E-10 5.419E-10 2.887E-10 1.885E-10 9.759E-11 5.683E-11
  7.400E+01  2.225E-06 2.409E-06 2.590E-06 2.625E-06 2.629E-06 2.528E-06 2.444E-06 2.329E-06 2.198E-06 2.076E-06 1.952E-06 1.833E-06 1.614E-06 1.419E-06 1.027E-06 7.513E-07 5.570E-07 4.182E-07 2.341E-07 1.398E-07 1.152E-07 9.858E-08 9.007E-08 7.123E-08 5.901E-08 4.069E-08 2.635E-08 1.746E-08 1.183E-08 1.012E-08 8.228E-09 6.990E-09 1.310E-09 5.851E-10 9.091E-10 1.933E-09 1.048E-08 1.573E-08 2.423E-08 2.124E-08 1.571E-08 5.659E-09 4.204E-09 3.724E-09 2.782E-09 3.093E-09 1.085E-09 7.083E-10 6.341E-10 4.613E-10 4.494E-10 6.899E-10 9.234E-10 9.243E-10 8.414E-10 7.737E-10 5.298E-10 2.827E-10 1.847E-10 9.567E-11 5.574E-11
  7.600E+01  2.064E-06 2.233E-06 2.402E-06 2.433E-06 2.437E-06 2.343E-06 2.265E-06 2.159E-06 2.037E-06 1.925E-06 1.810E-06 1.701E-06 1.498E-06 1.319E-06 9.567E-07 7.019E-07 5.218E-07 3.928E-07 2.209E-07 1.325E-07 1.094E-07 9.370E-08 8.567E-08 6.786E-08 5.630E-08 3.893E-08 2.528E-08 1.679E-08 1.140E-08 9.764E-09 7.948E-09 6.768E-09 1.273E-09 5.693E-10 8.860E-10 1.884E-09 1.018E-08 1.527E-08 2.349E-08 2.060E-08 1.523E-08 5.500E-09 4.089E-09 3.628E-09 2.716E-09 3.014E-09 1.060E-09 6.925E-10 6.202E-10 4.517E-10 4.402E-10 6.755E-10 9.038E-10 9.055E-10 8.245E-10 7.579E-10 5.187E-10 2.772E-10 1.812E-10 9.393E-11 5.476E-11
  7.800E+01  1.920E-06 2.076E-06 2.232E-06 2.261E-06 2.265E-06 2.177E-06 2.105E-06 2.006E-06 1.893E-06 1.789E-06 1.682E-06 1.581E-06 1.394E-06 1.228E-06 8.929E-07 6.568E-07 4.896E-07 3.695E-07 2.087E-07 1.258E-07 1.040E-07 8.920E-08 8.161E-08 6.475E-08 5.379E-08 3.731E-08 2.430E-08 1.618E-08 1.101E-08 9.438E-09 7.690E-09 6.564E-09 1.239E-09 5.550E-10 8.651E-10 1.839E-09 9.909E-09 1.484E-08 2.280E-08 2.000E-08 1.479E-08 5.353E-09 3.983E-09 3.540E-09 2.656E-09 2.942E-09 1.037E-09 6.783E-10 6.076E-10 4.430E-10 4.319E-10 6.625E-10 8.859E-10 8.885E-10 8.091E-10 7.436E-10 5.087E-10 2.723E-10 1.781E-10 9.237E-11 5.389E-11
  8.000E+01  1.790E-06 1.935E-06 2.081E-06 2.107E-06 2.111E-06 2.028E-06 1.961E-06 1.869E-06 1.763E-06 1.666E-06 1.567E-06 1.473E-06 1.300E-06 1.146E-06 8.349E-07 6.157E-07 4.601E-07 3.482E-07 1.976E-07 1.197E-07 9.901E-08 8.505E-08 7.788E-08 6.188E-08 5.149E-08 3.581E-08 2.339E-08 1.561E-08 1.065E-08 9.140E-09 7.454E-09 6.378E-09 1.208E-09 5.422E-10 8.463E-10 1.798E-09 9.658E-09 1.445E-08 2.216E-08 1.945E-08 1.438E-08 5.219E-09 3.886E-09 3.461E-09 2.602E-09 2.877E-09 1.016E-09 6.656E-10 5.964E-10 4.353E-10 4.246E-10 6.510E-10 8.700E-10 8.734E-10 7.955E-10 7.309E-10 4.996E-10 2.679E-10 1.753E-10 9.101E-11 5.314E-11
  8.200E+01  1.674E-06 1.808E-06 1.945E-06 1.969E-06 1.972E-06 1.894E-06 1.831E-06 1.745E-06 1.646E-06 1.556E-06 1.464E-06 1.376E-06 1.214E-06 1.071E-06 7.822E-07 5.783E-07 4.332E-07 3.286E-07 1.874E-07 1.140E-07 9.446E-08 8.125E-08 7.445E-08 5.926E-08 4.938E-08 3.444E-08 2.256E-08 1.510E-08 1.033E-08 8.870E-09 7.240E-09 6.210E-09 1.180E-09 5.307E-10 8.298E-10 1.763E-09 9.431E-09 1.409E-08 2.156E-08 1.893E-08 1.400E-08 5.097E-09 3.798E-09 3.389E-09 2.554E-09 2.818E-09 9.979E-10 6.544E-10 5.866E-10 4.286E-10 4.183E-10 6.409E-10 8.560E-10 8.602E-10 7.836E-10 7.197E-10 4.917E-10 2.642E-10 1.729E-10 8.984E-11 5.250E-11
  8.400E+01  1.569E-06 1.694E-06 1.823E-06 1.845E-06 1.848E-06 1.774E-06 1.715E-06 1.634E-06 1.541E-06 1.456E-06 1.370E-06 1.288E-06 1.137E-06 1.004E-06 7.344E-07 5.442E-07 4.087E-07 3.108E-07 1.781E-07 1.088E-07 9.031E-08 7.778E-08 7.133E-08 5.687E-08 4.746E-08 3.320E-08 2.181E-08 1.464E-08 1.004E-08 8.627E-09 7.048E-09 6.059E-09 1.156E-09 5.207E-10 8.154E-10 1.732E-09 9.228E-09 1.376E-08 2.101E-08 1.846E-08 1.365E-08 4.988E-09 3.720E-09 3.326E-09 2.512E-09 2.766E-09 9.822E-10 6.448E-10 5.782E-10 4.230E-10 4.129E-10 6.323E-10 8.440E-10 8.489E-10 7.735E-10 7.102E-10 4.848E-10 2.610E-10 1.710E-10 8.888E-11 5.197E-11
  8.600E+01  1.475E-06 1.592E-06 1.713E-06 1.734E-06 1.737E-06 1.666E-06 1.611E-06 1.534E-06 1.447E-06 1.367E-06 1.286E-06 1.209E-06 1.068E-06 9.427E-07 6.910E-07 5.133E-07 3.865E-07 2.946E-07 1.696E-07 1.042E-07 8.654E-08 7.463E-08 6.849E-08 5.470E-08 4.571E-08 3.207E-08 2.113E-08 1.422E-08 9.776E-09 8.410E-09 6.877E-09 5.926E-09 1.135E-09 5.122E-10 8.032E-10 1.705E-09 9.048E-09 1.347E-08 2.051E-08 1.803E-08 1.333E-08 4.892E-09 3.652E-09 3.271E-09 2.476E-09 2.721E-09 9.688E-10 6.368E-10 5.712E-10 4.183E-10 4.085E-10 6.253E-10 8.340E-10 8.397E-10 7.651E-10 7.022E-10 4.790E-10 2.584E-10 1.694E-10 8.812E-11 5.157E-11
  8.800E+01  1.391E-06 1.501E-06 1.615E-06 1.634E-06 1.637E-06 1.570E-06 1.517E-06 1.444E-06 1.362E-06 1.286E-06 1.210E-06 1.138E-06 1.005E-06 8.876E-07 6.518E-07 4.852E-07 3.662E-07 2.799E-07 1.619E-07 9.990E-08 8.312E-08 7.177E-08 6.592E-08 5.274E-08 4.414E-08 3.106E-08 2.052E-08 1.385E-08 9.545E-09 8.219E-09 6.727E-09 5.809E-09 1.117E-09 5.050E-10 7.931E-10 1.683E-09 8.892E-09 1.321E-08 2.006E-08 1.764E-08 1.305E-08 4.808E-09 3.593E-09 3.224E-09 2.447E-09 2.682E-09 9.579E-10 6.304E-10 5.656E-10 4.147E-10 4.052E-10 6.197E-10 8.260E-10 8.324E-10 7.586E-10 6.960E-10 4.744E-10 2.564E-10 1.682E-10 8.757E-11 5.129E-11
  9.000E+01  1.315E-06 1.418E-06 1.527E-06 1.545E-06 1.547E-06 1.483E-06 1.433E-06 1.364E-06 1.285E-06 1.214E-06 1.142E-06 1.073E-06 9.481E-07 8.379E-07 6.162E-07 4.598E-07 3.479E-07 2.665E-07 1.549E-07 9.606E-08 8.004E-08 6.921E-08 6.361E-08 5.098E-08 4.273E-08 3.015E-08 1.999E-08 1.353E-08 9.344E-09 8.053E-09 6.598E-09 5.710E-09 1.103E-09 4.991E-10 7.851E-10 1.665E-09 8.759E-09 1.298E-08 1.966E-08 1.730E-08 1.280E-08 4.736E-09 3.543E-09 3.186E-09 2.423E-09 2.651E-09 9.495E-10 6.255E-10 5.615E-10 4.122E-10 4.028E-10 6.157E-10 8.200E-10 8.272E-10 7.539E-10 6.913E-10 4.709E-10 2.551E-10 1.674E-10 8.723E-11 5.113E-11
  9.200E+01  1.247E-06 1.345E-06 1.448E-06 1.465E-06 1.467E-06 1.405E-06 1.358E-06 1.292E-06 1.217E-06 1.149E-06 1.080E-06 1.015E-06 8.971E-07 7.930E-07 5.842E-07 4.368E-07 3.313E-07 2.545E-07 1.487E-07 9.262E-08 7.728E-08 6.691E-08 6.155E-08 4.941E-08 4.148E-08 2.935E-08 1.952E-08 1.325E-08 9.172E-09 7.911E-09 6.488E-09 5.627E-09 1.091E-09 4.946E-10 7.791E-10 1.652E-09 8.650E-09 1.279E-08 1.931E-08 1.700E-08 1.258E-08 4.678E-09 3.503E-09 3.156E-09 2.406E-09 2.625E-09 9.434E-10 6.223E-10 5.588E-10 4.106E-10 4.014E-10 6.132E-10 8.160E-10 8.239E-10 7.510E-10 6.884E-10 4.685E-10 2.543E-10 1.670E-10 8.710E-11 5.109E-11
  9.400E+01  1.186E-06 1.279E-06 1.378E-06 1.394E-06 1.396E-06 1.336E-06 1.290E-06 1.227E-06 1.155E-06 1.090E-06 1.025E-06 9.634E-07 8.511E-07 7.526E-07 5.552E-07 4.161E-07 3.164E-07 2.436E-07 1.431E-07 8.955E-08 7.483E-08 6.488E-08 5.972E-08 4.803E-08 4.038E-08 2.866E-08 1.911E-08 1.301E-08 9.028E-09 7.794E-09 6.398E-09 5.559E-09 1.082E-09 4.914E-10 7.752E-10 1.643E-09 8.563E-09 1.263E-08 1.900E-08 1.674E-08 1.239E-08 4.631E-09 3.471E-09 3.134E-09 2.395E-09 2.607E-09 9.397E-10 6.206E-10 5.574E-10 4.101E-10 4.011E-10 6.122E-10 8.140E-10 8.226E-10 7.499E-10 6.870E-10 4.672E-10 2.542E-10 1.671E-10 8.718E-11 5.118E-11
  9.600E+01  1.132E-06 1.220E-06 1.315E-06 1.330E-06 1.332E-06 1.273E-06 1.229E-06 1.169E-06 1.100E-06 1.038E-06 9.755E-07 9.167E-07 8.098E-07 7.163E-07 5.292E-07 3.975E-07 3.030E-07 2.339E-07 1.380E-07 8.683E-08 7.267E-08 6.309E-08 5.812E-08 4.683E-08 3.943E-08 2.806E-08 1.877E-08 1.281E-08 8.910E-09 7.699E-09 6.325E-09 5.508E-09 1.076E-09 4.895E-10 7.732E-10 1.638E-09 8.498E-09 1.250E-08 1.875E-08 1.652E-08 1.224E-08 4.596E-09 3.449E-09 3.119E-09 2.389E-09 2.595E-09 9.384E-10 6.204E-10 5.574E-10 4.105E-10 4.017E-10 6.127E-10 8.139E-10 8.233E-10 7.505E-10 6.873E-10 4.670E-10 2.547E-10 1.675E-10 8.746E-11 5.138E-11
  9.800E+01  1.083E-06 1.168E-06 1.259E-06 1.273E-06 1.274E-06 1.218E-06 1.175E-06 1.117E-06 1.050E-06 9.911E-07 9.312E-07 8.748E-07 7.728E-07 6.837E-07 5.059E-07 3.808E-07 2.910E-07 2.252E-07 1.336E-07 8.444E-08 7.077E-08 6.152E-08 5.672E-08 4.578E-08 3.861E-08 2.755E-08 1.848E-08 1.264E-08 8.818E-09 7.626E-09 6.271E-09 5.470E-09 1.073E-09 4.888E-10 7.731E-10 1.637E-09 8.454E-09 1.241E-08 1.853E-08 1.635E-08 1.212E-08 4.573E-09 3.436E-09 3.113E-09 2.390E-09 2.590E-09 9.393E-10 6.217E-10 5.588E-10 4.120E-10 4.032E-10 6.147E-10 8.158E-10 8.259E-10 7.530E-10 6.893E-10 4.679E-10 2.557E-10 1.683E-10 8.795E-11 5.171E-11
  1.000E+02  1.040E-06 1.121E-06 1.209E-06 1.222E-06 1.224E-06 1.169E-06 1.127E-06 1.071E-06 1.006E-06 9.492E-07 8.915E-07 8.374E-07 7.396E-07 6.545E-07 4.850E-07 3.659E-07 2.803E-07 2.175E-07 1.297E-07 8.236E-08 6.914E-08 6.018E-08 5.552E-08 4.490E-08 3.791E-08 2.713E-08 1.825E-08 1.252E-08 8.751E-09 7.574E-09 6.234E-09 5.448E-09 1.073E-09 4.893E-10 7.748E-10 1.641E-09 8.432E-09 1.235E-08 1.837E-08 1.621E-08 1.202E-08 4.562E-09 3.431E-09 3.114E-09 2.396E-09 2.591E-09 9.424E-10 6.245E-10 5.615E-10 4.143E-10 4.057E-10 6.180E-10 8.196E-10 8.304E-10 7.571E-10 6.927E-10 4.699E-10 2.574E-10 1.695E-10 8.864E-11 5.215E-11
  1.020E+02  1.002E-06 1.080E-06 1.166E-06 1.178E-06 1.179E-06 1.125E-06 1.085E-06 1.030E-06 9.672E-07 9.119E-07 8.561E-07 8.040E-07 7.100E-07 6.284E-07 4.663E-07 3.526E-07 2.708E-07 2.107E-07 1.263E-07 8.058E-08 6.774E-08 5.904E-08 5.451E-08 4.416E-08 3.734E-08 2.679E-08 1.808E-08 1.243E-08 8.707E-09 7.541E-09 6.212E-09 5.439E-09 1.075E-09 4.908E-10 7.782E-10 1.647E-09 8.429E-09 1.231E-08 1.825E-08 1.611E-08 1.196E-08 4.561E-09 3.434E-09 3.122E-09 2.407E-09 2.597E-09 9.478E-10 6.287E-10 5.654E-10 4.177E-10 4.091E-10 6.228E-10 8.253E-10 8.367E-10 7.629E-10 6.977E-10 4.730E-10 2.596E-10 1.710E-10 8.952E-11 5.271E-11
  1.040E+02  9.689E-07 1.044E-06 1.127E-06 1.139E-06 1.140E-06 1.086E-06 1.047E-06 9.934E-07 9.325E-07 8.788E-07 8.247E-07 7.743E-07 6.837E-07 6.052E-07 4.497E-07 3.408E-07 2.624E-07 2.047E-07 1.233E-07 7.906E-08 6.657E-08 5.809E-08 5.367E-08 4.355E-08 3.688E-08 2.653E-08 1.795E-08 1.237E-08 8.685E-09 7.528E-09 6.207E-09 5.443E-09 1.079E-09 4.935E-10 7.833E-10 1.658E-09 8.446E-09 1.230E-08 1.817E-08 1.606E-08 1.192E-08 4.571E-09 3.445E-09 3.138E-09 2.424E-09 2.610E-09 9.552E-10 6.342E-10 5.705E-10 4.219E-10 4.133E-10 6.289E-10 8.327E-10 8.448E-10 7.703E-10 7.042E-10 4.771E-10 2.623E-10 1.730E-10 9.059E-11 5.338E-11
  1.060E+02  9.399E-07 1.012E-06 1.094E-06 1.105E-06 1.106E-06 1.053E-06 1.014E-06 9.615E-07 9.019E-07 8.495E-07 7.969E-07 7.480E-07 6.603E-07 5.846E-07 4.350E-07 3.304E-07 2.551E-07 1.995E-07 1.208E-07 7.780E-08 6.560E-08 5.732E-08 5.300E-08 4.308E-08 3.653E-08 2.634E-08 1.787E-08 1.234E-08 8.684E-09 7.533E-09 6.215E-09 5.459E-09 1.086E-09 4.971E-10 7.899E-10 1.671E-09 8.482E-09 1.233E-08 1.814E-08 1.604E-08 1.191E-08 4.592E-09 3.464E-09 3.160E-09 2.446E-09 2.628E-09 9.645E-10 6.411E-10 5.769E-10 4.269E-10 4.184E-10 6.362E-10 8.418E-10 8.547E-10 7.793E-10 7.122E-10 4.821E-10 2.656E-10 1.752E-10 9.185E-11 5.415E-11
  1.080E+02  9.149E-07 9.852E-07 1.065E-06 1.075E-06 1.076E-06 1.023E-06 9.855E-07 9.335E-07 8.750E-07 8.238E-07 7.725E-07 7.248E-07 6.397E-07 5.664E-07 4.220E-07 3.213E-07 2.487E-07 1.950E-07 1.187E-07 7.678E-08 6.484E-08 5.672E-08 5.248E-08 4.273E-08 3.628E-08 2.623E-08 1.784E-08 1.235E-08 8.702E-09 7.554E-09 6.238E-09 5.487E-09 1.094E-09 5.017E-10 7.980E-10 1.688E-09 8.535E-09 1.238E-08 1.814E-08 1.605E-08 1.193E-08 4.622E-09 3.490E-09 3.188E-09 2.473E-09 2.652E-09 9.758E-10 6.492E-10 5.843E-10 4.328E-10 4.243E-10 6.448E-10 8.526E-10 8.661E-10 7.898E-10 7.215E-10 4.882E-10 2.694E-10 1.779E-10 9.328E-11 5.503E-11
  1.100E+02  8.937E-07 9.620E-07 1.041E-06 1.050E-06 1.051E-06 9.982E-07 9.607E-07 9.093E-07 8.516E-07 8.014E-07 7.511E-07 7.045E-07 6.215E-07 5.504E-07 4.107E-07 3.134E-07 2.432E-07 1.911E-07 1.170E-07 7.598E-08 6.425E-08 5.627E-08 5.210E-08 4.249E-08 3.612E-08 2.617E-08 1.784E-08 1.238E-08 8.739E-09 7.591E-09 6.273E-09 5.526E-09 1.105E-09 5.072E-10 8.075E-10 1.708E-09 8.605E-09 1.245E-08 1.819E-08 1.610E-08 1.197E-08 4.661E-09 3.523E-09 3.223E-09 2.504E-09 2.681E-09 9.889E-10 6.584E-10 5.928E-10 4.395E-10 4.309E-10 6.546E-10 8.649E-10 8.792E-10 8.017E-10 7.321E-10 4.951E-10 2.737E-10 1.808E-10 9.488E-11 5.600E-11
  1.120E+02  8.759E-07 9.426E-07 1.021E-06 1.029E-06 1.029E-06 9.768E-07 9.395E-07 8.885E-07 8.314E-07 7.819E-07 7.324E-07 6.868E-07 6.057E-07 5.365E-07 4.008E-07 3.065E-07 2.385E-07 1.879E-07 1.156E-07 7.538E-08 6.383E-08 5.597E-08 5.185E-08 4.235E-08 3.605E-08 2.618E-08 1.789E-08 1.243E-08 8.794E-09 7.643E-09 6.320E-09 5.575E-09 1.118E-09 5.136E-10 8.183E-10 1.730E-09 8.691E-09 1.255E-08 1.827E-08 1.618E-08 1.204E-08 4.709E-09 3.562E-09 3.263E-09 2.539E-09 2.714E-09 1.004E-09 6.688E-10 6.023E-10 4.468E-10 4.383E-10 6.655E-10 8.787E-10 8.937E-10 8.150E-10 7.439E-10 5.028E-10 2.785E-10 1.840E-10 9.663E-11 5.707E-11
  1.140E+02  8.616E-07 9.268E-07 1.004E-06 1.012E-06 1.012E-06 9.588E-07 9.216E-07 8.709E-07 8.142E-07 7.652E-07 7.164E-07 6.715E-07 5.921E-07 5.244E-07 3.923E-07 3.007E-07 2.345E-07 1.852E-07 1.145E-07 7.497E-08 6.357E-08 5.580E-08 5.173E-08 4.231E-08 3.605E-08 2.624E-08 1.797E-08 1.251E-08 8.864E-09 7.708E-09 6.378E-09 5.633E-09 1.132E-09 5.207E-10 8.303E-10 1.755E-09 8.791E-09 1.266E-08 1.838E-08 1.629E-08 1.213E-08 4.765E-09 3.608E-09 3.309E-09 2.579E-09 2.753E-09 1.020E-09 6.803E-10 6.127E-10 4.549E-10 4.463E-10 6.774E-10 8.939E-10 9.096E-10 8.295E-10 7.569E-10 5.114E-10 2.836E-10 1.875E-10 9.854E-11 5.823E-11
  1.160E+02  8.504E-07 9.142E-07 9.912E-07 9.985E-07 9.979E-07 9.442E-07 9.069E-07 8.562E-07 7.997E-07 7.511E-07 7.028E-07 6.585E-07 5.803E-07 5.141E-07 3.851E-07 2.958E-07 2.312E-07 1.831E-07 1.137E-07 7.473E-08 6.345E-08 5.576E-08 5.172E-08 4.236E-08 3.613E-08 2.635E-08 1.808E-08 1.261E-08 8.948E-09 7.786E-09 6.446E-09 5.700E-09 1.148E-09 5.284E-10 8.433E-10 1.783E-09 8.905E-09 1.280E-08 1.853E-08 1.643E-08 1.224E-08 4.829E-09 3.659E-09 3.360E-09 2.622E-09 2.795E-09 1.038E-09 6.926E-10 6.240E-10 4.636E-10 4.549E-10 6.902E-10 9.104E-10 9.267E-10 8.452E-10 7.710E-10 5.207E-10 2.892E-10 1.913E-10 1.006E-10 5.946E-11
  1.180E+02  8.423E-07 9.049E-07 9.817E-07 9.882E-07 9.873E-07 9.328E-07 8.952E-07 8.444E-07 7.878E-07 7.394E-07 6.915E-07 6.475E-07 5.704E-07 5.053E-07 3.790E-07 2.917E-07 2.286E-07 1.814E-07 1.131E-07 7.465E-08 6.346E-08 5.582E-08 5.181E-08 4.249E-08 3.628E-08 2.651E-08 1.823E-08 1.273E-08 9.046E-09 7.875E-09 6.524E-09 5.775E-09 1.166E-09 5.369E-10 8.574E-10 1.813E-09 9.031E-09 1.296E-08 1.871E-08 1.659E-08 1.237E-08 4.899E-09 3.715E-09 3.415E-09 2.668E-09 2.841E-09 1.057E-09 7.059E-10 6.361E-10 4.729E-10 4.641E-10 7.039E-10 9.280E-10 9.451E-10 8.619E-10 7.861E-10 5.307E-10 2.952E-10 1.954E-10 1.028E-10 6.077E-11
  1.200E+02  8.370E-07 8.986E-07 9.754E-07 9.812E-07 9.798E-07 9.242E-07 8.863E-07 8.350E-07 7.782E-07 7.299E-07 6.821E-07 6.385E-07 5.622E-07 4.980E-07 3.739E-07 2.884E-07 2.265E-07 1.802E-07 1.129E-07 7.471E-08 6.360E-08 5.599E-08 5.199E-08 4.269E-08 3.649E-08 2.671E-08 1.840E-08 1.287E-08 9.156E-09 7.974E-09 6.610E-09 5.858E-09 1.185E-09 5.458E-10 8.723E-10 1.844E-09 9.169E-09 1.314E-08 1.892E-08 1.678E-08 1.252E-08 4.976E-09 3.776E-09 3.474E-09 2.718E-09 2.891E-09 1.077E-09 7.200E-10 6.488E-10 4.826E-10 4.738E-10 7.185E-10 9.467E-10 9.645E-10 8.797E-10 8.021E-10 5.414E-10 3.015E-10 1.996E-10 1.050E-10 6.215E-11
  1.220E+02  8.345E-07 8.952E-07 9.722E-07 9.771E-07 9.752E-07 9.183E-07 8.799E-07 8.281E-07 7.709E-07 7.225E-07 6.747E-07 6.312E-07 5.555E-07 4.920E-07 3.698E-07 2.858E-07 2.250E-07 1.794E-07 1.128E-07 7.491E-08 6.384E-08 5.626E-08 5.226E-08 4.297E-08 3.676E-08 2.695E-08 1.859E-08 1.303E-08 9.277E-09 8.083E-09 6.703E-09 5.946E-09 1.204E-09 5.553E-10 8.880E-10 1.877E-09 9.316E-09 1.333E-08 1.915E-08 1.700E-08 1.269E-08 5.059E-09 3.841E-09 3.537E-09 2.770E-09 2.944E-09 1.099E-09 7.347E-10 6.622E-10 4.929E-10 4.840E-10 7.337E-10 9.664E-10 9.849E-10 8.983E-10 8.190E-10 5.526E-10 3.081E-10 2.041E-10 1.074E-10 6.359E-11
  1.240E+02  8.347E-07 8.944E-07 9.719E-07 9.758E-07 9.734E-07 9.149E-07 8.758E-07 8.233E-07 7.655E-07 7.169E-07 6.690E-07 6.255E-07 5.502E-07 4.873E-07 3.666E-07 2.839E-07 2.240E-07 1.789E-07 1.129E-07 7.523E-08 6.418E-08 5.660E-08 5.261E-08 4.330E-08 3.708E-08 2.722E-08 1.881E-08 1.319E-08 9.407E-09 8.199E-09 6.803E-09 6.040E-09 1.225E-09 5.653E-10 9.044E-10 1.912E-09 9.473E-09 1.354E-08 1.940E-08 1.723E-08 1.287E-08 5.146E-09 3.910E-09 3.603E-09 2.825E-09 2.999E-09 1.121E-09 7.501E-10 6.762E-10 5.036E-10 4.946E-10 7.496E-10 9.869E-10 1.006E-09 9.177E-10 8.365E-10 5.643E-10 3.149E-10 2.087E-10 1.099E-10 6.508E-11
  1.260E+02  8.373E-07 8.962E-07 9.742E-07 9.772E-07 9.742E-07 9.139E-07 8.740E-07 8.206E-07 7.620E-07 7.130E-07 6.648E-07 6.213E-07 5.462E-07 4.837E-07 3.642E-07 2.826E-07 2.234E-07 1.788E-07 1.133E-07 7.565E-08 6.461E-08 5.703E-08 5.302E-08 4.368E-08 3.744E-08 2.753E-08 1.904E-08 1.337E-08 9.545E-09 8.322E-09 6.908E-09 6.139E-09 1.247E-09 5.756E-10 9.214E-10 1.948E-09 9.638E-09 1.376E-08 1.968E-08 1.748E-08 1.306E-08 5.238E-09 3.982E-09 3.672E-09 2.882E-09 3.057E-09 1.145E-09 7.660E-10 6.906E-10 5.146E-10 5.055E-10 7.659E-10 1.008E-09 1.028E-09 9.378E-10 8.547E-10 5.765E-10 3.220E-10 2.135E-10 1.125E-10 6.662E-11
  1.280E+02  8.423E-07 9.003E-07 9.791E-07 9.810E-07 9.773E-07 9.150E-07 8.741E-07 8.198E-07 7.602E-07 7.107E-07 6.622E-07 6.185E-07 5.433E-07 4.811E-07 3.626E-07 2.818E-07 2.232E-07 1.790E-07 1.138E-07 7.617E-08 6.511E-08 5.751E-08 5.350E-08 4.412E-08 3.784E-08 2.785E-08 1.930E-08 1.356E-08 9.690E-09 8.452E-09 7.019E-09 6.243E-09 1.269E-09 5.861E-10 9.388E-10 1.985E-09 9.809E-09 1.399E-08 1.997E-08 1.775E-08 1.327E-08 5.334E-09 4.056E-09 3.744E-09 2.940E-09 3.117E-09 1.169E-09 7.824E-10 7.054E-10 5.258E-10 5.167E-10 7.828E-10 1.030E-09 1.051E-09 9.584E-10 8.734E-10 5.890E-10 3.293E-10 2.184E-10 1.151E-10 6.820E-11
  1.300E+02  8.495E-07 9.067E-07 9.864E-07 9.871E-07 9.826E-07 9.182E-07 8.762E-07 8.206E-07 7.600E-07 7.098E-07 6.608E-07 6.169E-07 5.415E-07 4.794E-07 3.616E-07 2.815E-07 2.234E-07 1.794E-07 1.144E-07 7.677E-08 6.568E-08 5.806E-08 5.403E-08 4.459E-08 3.827E-08 2.821E-08 1.956E-08 1.376E-08 9.841E-09 8.586E-09 7.133E-09 6.349E-09 1.292E-09 5.970E-10 9.565E-10 2.023E-09 9.986E-09 1.423E-08 2.028E-08 1.803E-08 1.348E-08 5.433E-09 4.134E-09 3.817E-09 3.000E-09 3.179E-09 1.193E-09 7.991E-10 7.206E-10 5.374E-10 5.281E-10 7.999E-10 1.052E-09 1.074E-09 9.795E-10 8.925E-10 6.018E-10 3.368E-10 2.234E-10 1.178E-10 6.980E-11
  1.320E+02  8.587E-07 9.150E-07 9.958E-07 9.952E-07 9.900E-07 9.230E-07 8.798E-07 8.230E-07 7.611E-07 7.102E-07 6.607E-07 6.163E-07 5.406E-07 4.786E-07 3.613E-07 2.817E-07 2.239E-07 1.801E-07 1.152E-07 7.744E-08 6.632E-08 5.866E-08 5.460E-08 4.510E-08 3.873E-08 2.858E-08 1.984E-08 1.397E-08 9.996E-09 8.724E-09 7.250E-09 6.458E-09 1.316E-09 6.080E-10 9.746E-10 2.061E-09 1.017E-08 1.447E-08 2.061E-08 1.832E-08 1.371E-08 5.535E-09 4.212E-09 3.892E-09 3.061E-09 3.242E-09 1.218E-09 8.160E-10 7.359E-10 5.490E-10 5.396E-10 8.174E-10 1.075E-09 1.097E-09 1.001E-09 9.119E-10 6.149E-10 3.443E-10 2.284E-10 1.205E-10 7.143E-11
  1.340E+02  8.698E-07 9.252E-07 1.007E-06 1.005E-06 9.990E-07 9.294E-07 8.850E-07 8.266E-07 7.634E-07 7.118E-07 6.615E-07 6.167E-07 5.406E-07 4.785E-07 3.614E-07 2.822E-07 2.247E-07 1.810E-07 1.161E-07 7.818E-08 6.700E-08 5.930E-08 5.521E-08 4.564E-08 3.922E-08 2.896E-08 2.013E-08 1.418E-08 1.016E-08 8.865E-09 7.370E-09 6.569E-09 1.339E-09 6.190E-10 9.927E-10 2.100E-09 1.035E-08 1.473E-08 2.094E-08 1.863E-08 1.394E-08 5.638E-09 4.293E-09 3.968E-09 3.123E-09 3.306E-09 1.243E-09 8.331E-10 7.514E-10 5.608E-10 5.513E-10 8.350E-10 1.098E-09 1.121E-09 1.023E-09 9.315E-10 6.281E-10 3.519E-10 2.336E-10 1.232E-10 7.307E-11
  1.360E+02  8.824E-07 9.368E-07 1.020E-06 1.017E-06 1.009E-06 9.371E-07 8.912E-07 8.314E-07 7.668E-07 7.142E-07 6.632E-07 6.180E-07 5.414E-07 4.791E-07 3.621E-07 2.831E-07 2.257E-07 1.821E-07 1.171E-07 7.896E-08 6.773E-08 5.997E-08 5.585E-08 4.620E-08 3.972E-08 2.936E-08 2.042E-08 1.440E-08 1.032E-08 9.008E-09 7.491E-09 6.681E-09 1.363E-09 6.302E-10 1.011E-09 2.139E-09 1.054E-08 1.498E-08 2.128E-08 1.893E-08 1.417E-08 5.742E-09 4.373E-09 4.044E-09 3.185E-09 3.371E-09 1.268E-09 8.503E-10 7.670E-10 5.726E-10 5.630E-10 8.526E-10 1.121E-09 1.145E-09 1.044E-09 9.513E-10 6.414E-10 3.596E-10 2.387E-10 1.260E-10 7.471E-11
  1.380E+02  8.962E-07 9.495E-07 1.034E-06 1.029E-06 1.021E-06 9.457E-07 8.984E-07 8.370E-07 7.709E-07 7.174E-07 6.657E-07 6.199E-07 5.427E-07 4.802E-07 3.632E-07 2.844E-07 2.270E-07 1.834E-07 1.181E-07 7.979E-08 6.849E-08 6.067E-08 5.652E-08 4.678E-08 4.024E-08 2.977E-08 2.072E-08 1.462E-08 1.048E-08 9.151E-09 7.612E-09 6.793E-09 1.387E-09 6.413E-10 1.029E-09 2.177E-09 1.073E-08 1.524E-08 2.163E-08 1.925E-08 1.441E-08 5.847E-09 4.455E-09 4.121E-09 3.247E-09 3.436E-09 1.293E-09 8.675E-10 7.825E-10 5.844E-10 5.747E-10 8.703E-10 1.144E-09 1.168E-09 1.066E-09 9.710E-10 6.547E-10 3.673E-10 2.438E-10 1.287E-10 7.636E-11
  1.400E+02  9.109E-07 9.628E-07 1.048E-06 1.042E-06 1.033E-06 9.548E-07 9.061E-07 8.431E-07 7.755E-07 7.211E-07 6.687E-07 6.224E-07 5.446E-07 4.818E-07 3.647E-07 2.859E-07 2.285E-07 1.848E-07 1.193E-07 8.066E-08 6.927E-08 6.139E-08 5.721E-08 4.738E-08 4.077E-08 3.018E-08 2.102E-08 1.484E-08 1.064E-08 9.295E-09 7.734E-09 6.906E-09 1.410E-09 6.523E-10 1.047E-09 2.216E-09 1.091E-08 1.550E-08 2.198E-08 1.957E-08 1.465E-08 5.952E-09 4.536E-09 4.197E-09 3.309E-09 3.500E-09 1.319E-09 8.845E-10 7.980E-10 5.961E-10 5.862E-10 8.878E-10 1.167E-09 1.192E-09 1.088E-09 9.906E-10 6.680E-10 3.749E-10 2.489E-10 1.314E-10 7.799E-11
  1.420E+02  9.257E-07 9.762E-07 1.063E-06 1.055E-06 1.045E-06 9.642E-07 9.142E-07 8.496E-07 7.805E-07 7.253E-07 6.721E-07 6.253E-07 5.469E-07 4.839E-07 3.665E-07 2.877E-07 2.302E-07 1.863E-07 1.205E-07 8.155E-08 7.008E-08 6.213E-08 5.791E-08 4.798E-08 4.130E-08 3.060E-08 2.132E-08 1.506E-08 1.080E-08 9.438E-09 7.854E-09 7.017E-09 1.433E-09 6.632E-10 1.065E-09 2.254E-09 1.110E-08 1.576E-08 2.234E-08 1.988E-08 1.489E-08 6.056E-09 4.616E-09 4.273E-09 3.370E-09 3.564E-09 1.343E-09 9.014E-10 8.132E-10 6.077E-10 5.977E-10 9.052E-10 1.190E-09 1.215E-09 1.109E-09 1.010E-09 6.811E-10 3.824E-10 2.540E-10 1.341E-10 7.960E-11
  1.440E+02  9.402E-07 9.891E-07 1.078E-06 1.068E-06 1.057E-06 9.734E-07 9.221E-07 8.561E-07 7.857E-07 7.296E-07 6.758E-07 6.285E-07 5.496E-07 4.863E-07 3.687E-07 2.897E-07 2.321E-07 1.880E-07 1.217E-07 8.245E-08 7.089E-08 6.288E-08 5.861E-08 4.858E-08 4.184E-08 3.101E-08 2.162E-08 1.528E-08 1.096E-08 9.579E-09 7.974E-09 7.127E-09 1.456E-09 6.739E-10 1.082E-09 2.291E-09 1.128E-08 1.601E-08 2.269E-08 2.020E-08 1.513E-08 6.159E-09 4.696E-09 4.348E-09 3.430E-09 3.627E-09 1.368E-09 9.180E-10 8.282E-10 6.190E-10 6.089E-10 9.222E-10 1.212E-09 1.238E-09 1.130E-09 1.029E-09 6.940E-10 3.898E-10 2.589E-10 1.368E-10 8.119E-11
  1.460E+02  9.535E-07 1.001E-06 1.091E-06 1.080E-06 1.069E-06 9.819E-07 9.297E-07 8.624E-07 7.908E-07 7.340E-07 6.796E-07 6.319E-07 5.526E-07 4.890E-07 3.711E-07 2.919E-07 2.341E-07 1.897E-07 1.230E-07 8.337E-08 7.172E-08 6.363E-08 5.932E-08 4.919E-08 4.237E-08 3.142E-08 2.191E-08 1.549E-08 1.112E-08 9.717E-09 8.090E-09 7.234E-09 1.479E-09 6.844E-10 1.099E-09 2.328E-09 1.146E-08 1.626E-08 2.303E-08 2.051E-08 1.537E-08 6.260E-09 4.773E-09 4.421E-09 3.489E-09 3.689E-09 1.392E-09 9.342E-10 8.429E-10 6.302E-10 6.199E-10 9.389E-10 1.234E-09 1.261E-09 1.151E-09 1.048E-09 7.067E-10 3.970E-10 2.638E-10 1.394E-10 8.274E-11
  1.480E+02  9.645E-07 1.010E-06 1.102E-06 1.090E-06 1.078E-06 9.895E-07 9.365E-07 8.683E-07 7.957E-07 7.384E-07 6.835E-07 6.355E-07 5.558E-07 4.921E-07 3.738E-07 2.943E-07 2.362E-07 1.916E-07 1.243E-07 8.428E-08 7.254E-08 6.437E-08 6.003E-08 4.979E-08 4.290E-08 3.183E-08 2.220E-08 1.570E-08 1.127E-08 9.852E-09 8.204E-09 7.339E-09 1.500E-09 6.945E-10 1.116E-09 2.363E-09 1.164E-08 1.651E-08 2.337E-08 2.082E-08 1.560E-08 6.358E-09 4.849E-09 4.492E-09 3.546E-09 3.750E-09 1.415E-09 9.499E-10 8.571E-10 6.410E-10 6.306E-10 9.551E-10 1.255E-09 1.282E-09 1.171E-09 1.066E-09 7.190E-10 4.041E-10 2.685E-10 1.419E-10 8.424E-11
  1.500E+02  9.723E-07 1.016E-06 1.110E-06 1.097E-06 1.086E-06 9.957E-07 9.425E-07 8.736E-07 8.002E-07 7.426E-07 6.874E-07 6.393E-07 5.593E-07 4.955E-07 3.768E-07 2.969E-07 2.384E-07 1.935E-07 1.256E-07 8.519E-08 7.335E-08 6.511E-08 6.072E-08 5.038E-08 4.342E-08 3.222E-08 2.248E-08 1.590E-08 1.142E-08 9.983E-09 8.315E-09 7.440E-09 1.521E-09 7.043E-10 1.132E-09 2.397E-09 1.181E-08 1.675E-08 2.371E-08 2.111E-08 1.582E-08 6.454E-09 4.923E-09 4.561E-09 3.602E-09 3.808E-09 1.437E-09 9.651E-10 8.709E-10 6.514E-10 6.410E-10 9.708E-10 1.276E-09 1.304E-09 1.190E-09 1.084E-09 7.309E-10 4.109E-10 2.731E-10 1.443E-10 8.570E-11
  1.520E+02  9.756E-07 1.018E-06 1.114E-06 1.102E-06 1.092E-06 1.000E-06 9.473E-07 8.782E-07 8.045E-07 7.468E-07 6.915E-07 6.432E-07 5.632E-07 4.992E-07 3.801E-07 2.997E-07 2.408E-07 1.954E-07 1.269E-07 8.609E-08 7.415E-08 6.583E-08 6.140E-08 5.095E-08 4.392E-08 3.260E-08 2.276E-08 1.610E-08 1.156E-08 1.011E-08 8.421E-09 7.538E-09 1.542E-09 7.137E-10 1.147E-09 2.430E-09 1.197E-08 1.698E-08 2.403E-08 2.140E-08 1.604E-08 6.546E-09 4.994E-09 4.627E-09 3.655E-09 3.864E-09 1.459E-09 9.798E-10 8.841E-10 6.614E-10 6.509E-10 9.859E-10 1.296E-09 1.324E-09 1.208E-09 1.101E-09 7.424E-10 4.175E-10 2.775E-10 1.467E-10 8.710E-11
  1.540E+02  9.738E-07 1.016E-06 1.115E-06 1.104E-06 1.095E-06 1.004E-06 9.514E-07 8.826E-07 8.088E-07 7.513E-07 6.959E-07 6.477E-07 5.675E-07 5.034E-07 3.837E-07 3.027E-07 2.432E-07 1.974E-07 1.282E-07 8.697E-08 7.493E-08 6.654E-08 6.206E-08 5.151E-08 4.441E-08 3.297E-08 2.302E-08 1.628E-08 1.170E-08 1.023E-08 8.522E-09 7.631E-09 1.561E-09 7.227E-10 1.162E-09 2.461E-09 1.212E-08 1.720E-08 2.434E-08 2.168E-08 1.625E-08 6.633E-09 5.061E-09 4.690E-09 3.705E-09 3.918E-09 1.480E-09 9.937E-10 8.967E-10 6.710E-10 6.603E-10 1.000E-09 1.314E-09 1.343E-09 1.226E-09 1.117E-09 7.534E-10 4.237E-10 2.817E-10 1.489E-10 8.843E-11
  1.560E+02  9.666E-07 1.010E-06 1.112E-06 1.103E-06 1.097E-06 1.006E-06 9.554E-07 8.872E-07 8.136E-07 7.564E-07 7.011E-07 6.529E-07 5.727E-07 5.083E-07 3.877E-07 3.059E-07 2.458E-07 1.995E-07 1.295E-07 8.782E-08 7.568E-08 6.722E-08 6.270E-08 5.205E-08 4.488E-08 3.333E-08 2.327E-08 1.646E-08 1.183E-08 1.034E-08 8.618E-09 7.719E-09 1.579E-09 7.312E-10 1.176E-09 2.491E-09 1.227E-08 1.741E-08 2.463E-08 2.194E-08 1.645E-08 6.717E-09 5.125E-09 4.750E-09 3.754E-09 3.969E-09 1.499E-09 1.007E-09 9.087E-10 6.800E-10 6.693E-10 1.014E-09 1.332E-09 1.362E-09 1.243E-09 1.132E-09 7.638E-10 4.297E-10 2.856E-10 1.510E-10 8.970E-11
  1.580E+02  9.551E-07 1.001E-06 1.107E-06 1.102E-06 1.099E-06 1.010E-06 9.605E-07 8.932E-07 8.200E-07 7.631E-07 7.079E-07 6.596E-07 5.790E-07 5.141E-07 3.922E-07 3.093E-07 2.484E-07 2.016E-07 1.308E-07 8.864E-08 7.641E-08 6.787E-08 6.331E-08 5.256E-08 4.533E-08 3.366E-08 2.350E-08 1.663E-08 1.195E-08 1.045E-08 8.709E-09 7.802E-09 1.596E-09 7.391E-10 1.189E-09 2.519E-09 1.241E-08 1.761E-08 2.491E-08 2.219E-08 1.663E-08 6.795E-09 5.185E-09 4.806E-09 3.799E-09 4.017E-09 1.517E-09 1.019E-09 9.199E-10 6.885E-10 6.777E-10 1.027E-09 1.349E-09 1.379E-09 1.259E-09 1.147E-09 7.736E-10 4.352E-10 2.894E-10 1.530E-10 9.089E-11
  1.600E+02  9.422E-07 9.920E-07 1.103E-06 1.103E-06 1.104E-06 1.016E-06 9.689E-07 9.024E-07 8.294E-07 7.725E-07 7.170E-07 6.684E-07 5.869E-07 5.212E-07 3.972E-07 3.131E-07 2.512E-07 2.037E-07 1.320E-07 8.942E-08 7.710E-08 6.849E-08 6.389E-08 5.304E-08 4.575E-08 3.398E-08 2.372E-08 1.679E-08 1.207E-08 1.055E-08 8.793E-09 7.879E-09 1.612E-09 7.465E-10 1.201E-09 2.544E-09 1.254E-08 1.779E-08 2.517E-08 2.242E-08 1.681E-08 6.868E-09 5.242E-09 4.859E-09 3.841E-09 4.061E-09 1.534E-09 1.031E-09 9.303E-10 6.964E-10 6.855E-10 1.038E-09 1.365E-09 1.395E-09 1.273E-09 1.160E-09 7.826E-10 4.404E-10 2.928E-10 1.548E-10 9.199E-11
  1.620E+02  9.335E-07 9.889E-07 1.107E-06 1.111E-06 1.116E-06 1.030E-06 9.836E-07 9.173E-07 8.436E-07 7.862E-07 7.298E-07 6.803E-07 5.972E-07 5.300E-07 4.030E-07 3.170E-07 2.541E-07 2.058E-07 1.332E-07 9.015E-08 7.774E-08 6.907E-08 6.443E-08 5.350E-08 4.614E-08 3.427E-08 2.393E-08 1.693E-08 1.217E-08 1.064E-08 8.871E-09 7.950E-09 1.626E-09 7.532E-10 1.212E-09 2.568E-09 1.266E-08 1.796E-08 2.541E-08 2.264E-08 1.697E-08 6.935E-09 5.293E-09 4.907E-09 3.879E-09 4.102E-09 1.550E-09 1.041E-09 9.399E-10 7.036E-10 6.927E-10 1.049E-09 1.379E-09 1.410E-09 1.287E-09 1.172E-09 7.910E-10 4.452E-10 2.960E-10 1.566E-10 9.301E-11
  1.640E+02  9.371E-07 9.992E-07 1.124E-06 1.132E-06 1.141E-06 1.054E-06 1.008E-06 9.406E-07 8.650E-07 8.058E-07 7.476E-07 6.964E-07 6.103E-07 5.407E-07 4.096E-07 3.213E-07 2.570E-07 2.079E-07 1.344E-07 9.083E-08 7.835E-08 6.960E-08 6.493E-08 5.391E-08 4.651E-08 3.454E-08 2.411E-08 1.706E-08 1.227E-08 1.073E-08 8.941E-09 8.015E-09 1.640E-09 7.594E-10 1.222E-09 2.589E-09 1.277E-08 1.811E-08 2.563E-08 2.283E-08 1.712E-08 6.997E-09 5.340E-09 4.951E-09 3.914E-09 4.139E-09 1.564E-09 1.051E-09 9.486E-10 7.102E-10 6.992E-10 1.059E-09 1.392E-09 1.423E-09 1.299E-09 1.184E-09 7.986E-10 4.495E-10 2.989E-10 1.581E-10 9.393E-11
  1.660E+02  9.632E-07 1.032E-06 1.164E-06 1.175E-06 1.185E-06 1.095E-06 1.046E-06 9.753E-07 8.955E-07 8.330E-07 7.715E-07 7.174E-07 6.267E-07 5.536E-07 4.170E-07 3.259E-07 2.600E-07 2.100E-07 1.355E-07 9.146E-08 7.890E-08 7.009E-08 6.539E-08 5.429E-08 4.683E-08 3.478E-08 2.428E-08 1.718E-08 1.235E-08 1.080E-08 9.004E-09 8.073E-09 1.651E-09 7.649E-10 1.231E-09 2.609E-09 1.287E-08 1.825E-08 2.582E-08 2.301E-08 1.725E-08 7.051E-09 5.382E-09 4.990E-09 3.946E-09 4.173E-09 1.577E-09 1.060E-09 9.563E-10 7.161E-10 7.050E-10 1.068E-09 1.404E-09 1.435E-09 1.310E-09 1.194E-09 8.054E-10 4.534E-10 3.015E-10 1.595E-10 9.476E-11
  1.680E+02  1.021E-06 1.094E-06 1.235E-06 1.245E-06 1.254E-06 1.155E-06 1.101E-06 1.023E-06 9.365E-07 8.686E-07 8.021E-07 7.437E-07 6.465E-07 5.687E-07 4.250E-07 3.306E-07 2.630E-07 2.121E-07 1.365E-07 9.202E-08 7.939E-08 7.053E-08 6.579E-08 5.463E-08 4.713E-08 3.500E-08 2.443E-08 1.728E-08 1.243E-08 1.087E-08 9.059E-09 8.123E-09 1.662E-09 7.697E-10 1.238E-09 2.625E-09 1.295E-08 1.837E-08 2.600E-08 2.316E-08 1.737E-08 7.099E-09 5.419E-09 5.024E-09 3.973E-09 4.202E-09 1.588E-09 1.067E-09 9.632E-10 7.213E-10 7.101E-10 1.076E-09 1.414E-09 1.446E-09 1.320E-09 1.202E-09 8.114E-10 4.568E-10 3.038E-10 1.607E-10 9.548E-11
  1.700E+02  1.117E-06 1.192E-06 1.341E-06 1.345E-06 1.349E-06 1.235E-06 1.173E-06 1.085E-06 9.877E-07 9.122E-07 8.388E-07 7.748E-07 6.691E-07 5.855E-07 4.334E-07 3.353E-07 2.659E-07 2.140E-07 1.374E-07 9.251E-08 7.982E-08 7.091E-08 6.615E-08 5.492E-08 4.738E-08 3.518E-08 2.455E-08 1.737E-08 1.249E-08 1.092E-08 9.107E-09 8.166E-09 1.671E-09 7.738E-10 1.245E-09 2.640E-09 1.302E-08 1.848E-08 2.614E-08 2.330E-08 1.747E-08 7.140E-09 5.451E-09 5.054E-09 3.997E-09 4.227E-09 1.598E-09 1.074E-09 9.690E-10 7.257E-10 7.145E-10 1.083E-09 1.423E-09 1.455E-09 1.328E-09 1.210E-09 8.165E-10 4.597E-10 3.057E-10 1.617E-10 9.610E-11
  1.720E+02  1.249E-06 1.320E-06 1.477E-06 1.471E-06 1.467E-06 1.333E-06 1.258E-06 1.156E-06 1.046E-06 9.614E-07 8.796E-07 8.089E-07 6.933E-07 6.030E-07 4.418E-07 3.399E-07 2.686E-07 2.157E-07 1.381E-07 9.292E-08 8.018E-08 7.124E-08 6.645E-08 5.517E-08 4.759E-08 3.533E-08 2.466E-08 1.745E-08 1.254E-08 1.097E-08 9.146E-09 8.202E-09 1.678E-09 7.772E-10 1.251E-09 2.652E-09 1.308E-08 1.856E-08 2.627E-08 2.341E-08 1.755E-08 7.174E-09 5.477E-09 5.078E-09 4.016E-09 4.248E-09 1.606E-09 1.079E-09 9.738E-10 7.293E-10 7.181E-10 1.088E-09 1.430E-09 1.462E-09 1.335E-09 1.216E-09 8.207E-10 4.621E-10 3.073E-10 1.626E-10 9.661E-11
  1.740E+02  1.401E-06 1.466E-06 1.630E-06 1.611E-06 1.596E-06 1.438E-06 1.348E-06 1.231E-06 1.107E-06 1.011E-06 9.206E-07 8.428E-07 7.168E-07 6.198E-07 4.495E-07 3.439E-07 2.710E-07 2.172E-07 1.388E-07 9.325E-08 8.047E-08 7.149E-08 6.668E-08 5.536E-08 4.776E-08 3.545E-08 2.474E-08 1.750E-08 1.259E-08 1.101E-08 9.176E-09 8.230E-09 1.684E-09 7.798E-10 1.255E-09 2.661E-09 1.313E-08 1.863E-08 2.636E-08 2.349E-08 1.761E-08 7.201E-09 5.497E-09 5.097E-09 4.031E-09 4.264E-09 1.612E-09 1.083E-09 9.775E-10 7.322E-10 7.209E-10 1.092E-09 1.436E-09 1.468E-09 1.340E-09 1.221E-09 8.240E-10 4.639E-10 3.086E-10 1.632E-10 9.701E-11
  1.760E+02  1.549E-06 1.604E-06 1.776E-06 1.742E-06 1.716E-06 1.534E-06 1.431E-06 1.299E-06 1.161E-06 1.056E-06 9.565E-07 8.721E-07 7.368E-07 6.339E-07 4.558E-07 3.471E-07 2.728E-07 2.183E-07 1.392E-07 9.349E-08 8.068E-08 7.168E-08 6.685E-08 5.550E-08 4.788E-08 3.554E-08 2.480E-08 1.755E-08 1.262E-08 1.103E-08 9.198E-09 8.250E-09 1.688E-09 7.817E-10 1.258E-09 2.668E-09 1.317E-08 1.868E-08 2.643E-08 2.355E-08 1.766E-08 7.220E-09 5.511E-09 5.111E-09 4.042E-09 4.275E-09 1.616E-09 1.086E-09 9.802E-10 7.342E-10 7.230E-10 1.095E-09 1.440E-09 1.472E-09 1.344E-09 1.224E-09 8.264E-10 4.653E-10 3.095E-10 1.637E-10 9.729E-11
  1.780E+02  1.658E-06 1.706E-06 1.882E-06 1.837E-06 1.804E-06 1.603E-06 1.490E-06 1.347E-06 1.199E-06 1.086E-06 9.813E-07 8.922E-07 7.505E-07 6.433E-07 4.599E-07 3.492E-07 2.740E-07 2.190E-07 1.395E-07 9.364E-08 8.081E-08 7.179E-08 6.696E-08 5.559E-08 4.795E-08 3.559E-08 2.483E-08 1.757E-08 1.263E-08 1.105E-08 9.211E-09 8.262E-09 1.690E-09 7.829E-10 1.260E-09 2.672E-09 1.319E-08 1.871E-08 2.647E-08 2.359E-08 1.769E-08 7.231E-09 5.520E-09 5.119E-09 4.049E-09 4.282E-09 1.619E-09 1.088E-09 9.819E-10 7.354E-10 7.242E-10 1.097E-09 1.442E-09 1.474E-09 1.346E-09 1.226E-09 8.278E-10 4.661E-10 3.100E-10 1.640E-10 9.747E-11
  1.800E+02  1.698E-06 1.743E-06 1.921E-06 1.872E-06 1.836E-06 1.629E-06 1.511E-06 1.364E-06 1.213E-06 1.098E-06 9.902E-07 8.994E-07 7.553E-07 6.467E-07 4.613E-07 3.499E-07 2.743E-07 2.192E-07 1.396E-07 9.368E-08 8.085E-08 7.183E-08 6.699E-08 5.561E-08 4.797E-08 3.561E-08 2.485E-08 1.758E-08 1.264E-08 1.105E-08 9.216E-09 8.266E-09 1.691E-09 7.833E-10 1.260E-09 2.673E-09 1.319E-08 1.872E-08 2.649E-08 2.360E-08 1.770E-08 7.235E-09 5.523E-09 5.121E-09 4.051E-09 4.285E-09 1.620E-09 1.088E-09 9.824E-10 7.358E-10 7.246E-10 1.098E-09 1.443E-09 1.475E-09 1.347E-09 1.227E-09 8.283E-10 4.664E-10 3.102E-10 1.641E-10 9.752E-11
