# mineral dust (accumulation mode)      
#
# size distribution: lognormal 
# shape distribution: prolate spheroids (T-matrix + geometric optics)
# ------------------
#
   minimum radius[um]:      5.000E-03
   maximum radius[um]:      2.000E+01
                sigma:      2.000E+00
         rho[g/cm**3]:      2.6
       Rmod(wet)[um]:      3.900E-01
       Rmod(dry)[um]:      3.900E-01
#
# aspect ratio distribution:
# 1.2 0.103
# 1.4 0.234
# 1.6 0.218
# 1.8 0.157
# 2.0 0.101
# 2.2 0.065
# 2.4 0.041
# 2.6 0.027
# 2.8 0.018
# 3.0 0.036
#
# optical parameters:
# -------------------
#
wavelength[um] ext.coef[1/km]  sca.coef[1/km] abs.coef[1/km]  si.sc.alb      asym.par        ext.nor        ref.real        ref.imag

2.500E-01,	2.829E-03,	1.658E-03,	1.171E-03,	5.860E-01,	8.965E-01,	8.993E-01,	1.530E+00,	-3.000E-02
3.000E-01,	2.880E-03,	1.783E-03,	1.097E-03,	6.192E-01,	8.722E-01,	9.156E-01,	1.530E+00,	-2.500E-02
3.500E-01,	2.933E-03,	2.013E-03,	9.204E-04,	6.862E-01,	8.341E-01,	9.325E-01,	1.530E+00,	-1.700E-02
4.000E-01,	2.987E-03,	2.218E-03,	7.693E-04,	7.424E-01,	8.038E-01,	9.496E-01,	1.530E+00,	-1.300E-02
4.500E-01,	3.041E-03,	2.472E-03,	5.692E-04,	8.129E-01,	7.706E-01,	9.669E-01,	1.530E+00,	-8.500E-03
5.000E-01,	3.094E-03,	2.588E-03,	5.051E-04,	8.367E-01,	7.571E-01,	9.835E-01,	1.530E+00,	-7.800E-03
5.500E-01,	3.145E-03,	2.775E-03,	3.703E-04,	8.823E-01,	7.367E-01,	1.000E+00,	1.530E+00,	-5.500E-03
6.000E-01,	3.194E-03,	2.895E-03,	2.989E-04,	9.064E-01,	7.253E-01,	1.015E+00,	1.530E+00,	-4.500E-03
6.500E-01,	3.238E-03,	2.956E-03,	2.821E-04,	9.129E-01,	7.209E-01,	1.030E+00,	1.530E+00,	-4.500E-03
7.000E-01,	3.280E-03,	3.038E-03,	2.422E-04,	9.261E-01,	7.146E-01,	1.043E+00,	1.530E+00,	-4.000E-03
7.500E-01,	3.316E-03,	3.087E-03,	2.297E-04,	9.307E-01,	7.119E-01,	1.054E+00,	1.530E+00,	-4.000E-03
8.000E-01,	3.349E-03,	3.130E-03,	2.183E-04,	9.348E-01,	7.097E-01,	1.065E+00,	1.530E+00,	-4.000E-03
9.000E-01,	3.399E-03,	3.201E-03,	1.985E-04,	9.416E-01,	7.065E-01,	1.081E+00,	1.530E+00,	-4.000E-03
1.000E+00,	3.432E-03,	3.250E-03,	1.817E-04,	9.471E-01,	7.043E-01,	1.091E+00,	1.530E+00,	-4.000E-03
1.250E+00,	3.440E-03,	3.258E-03,	1.816E-04,	9.472E-01,	7.041E-01,	1.094E+00,	1.530E+00,	-5.000E-03
1.500E+00,	3.367E-03,	3.194E-03,	1.728E-04,	9.487E-01,	7.031E-01,	1.070E+00,	1.530E+00,	-5.700E-03
1.750E+00,	3.240E-03,	3.074E-03,	1.654E-04,	9.490E-01,	7.014E-01,	1.030E+00,	1.530E+00,	-6.400E-03
2.000E+00,	3.080E-03,	2.911E-03,	1.688E-04,	9.452E-01,	6.999E-01,	9.791E-01,	1.530E+00,	-7.600E-03
2.500E+00,	2.684E-03,	2.456E-03,	2.282E-04,	9.150E-01,	7.045E-01,	8.534E-01,	1.520E+00,	-1.400E-02
3.000E+00,	2.327E-03,	1.889E-03,	4.382E-04,	8.117E-01,	7.118E-01,	7.398E-01,	1.520E+00,	-3.900E-02
3.200E+00,	2.163E-03,	1.885E-03,	2.782E-04,	8.714E-01,	7.005E-01,	6.878E-01,	1.510E+00,	-2.400E-02
3.390E+00,	2.046E-03,	1.829E-03,	2.163E-04,	8.943E-01,	6.919E-01,	6.504E-01,	1.510E+00,	-1.925E-02
3.500E+00,	1.980E-03,	1.783E-03,	1.972E-04,	9.004E-01,	6.883E-01,	6.295E-01,	1.510E+00,	-1.800E-02
3.750E+00,	1.797E-03,	1.671E-03,	1.255E-04,	9.301E-01,	6.818E-01,	5.712E-01,	1.500E+00,	-1.200E-02
4.000E+00,	1.661E-03,	1.593E-03,	6.717E-05,	9.596E-01,	6.718E-01,	5.280E-01,	1.500E+00,	-6.700E-03
4.500E+00,	1.429E-03,	1.354E-03,	7.453E-05,	9.478E-01,	6.614E-01,	4.542E-01,	1.500E+00,	-8.700E-03
5.000E+00,	1.184E-03,	1.058E-03,	1.268E-04,	8.930E-01,	6.613E-01,	3.766E-01,	1.480E+00,	-1.800E-02
5.500E+00,	1.006E-03,	7.983E-04,	2.076E-04,	7.936E-01,	6.585E-01,	3.198E-01,	1.460E+00,	-3.600E-02
6.000E+00,	8.735E-04,	6.067E-04,	2.668E-04,	6.945E-01,	6.514E-01,	2.777E-01,	1.440E+00,	-5.500E-02
6.200E+00,	8.275E-04,	5.404E-04,	2.871E-04,	6.530E-01,	6.475E-01,	2.631E-01,	1.430E+00,	-6.300E-02
6.500E+00,	7.253E-04,	4.951E-04,	2.302E-04,	6.826E-01,	6.412E-01,	2.306E-01,	1.420E+00,	-5.200E-02
7.200E+00,	8.485E-04,	4.014E-04,	4.471E-04,	4.731E-01,	6.054E-01,	2.698E-01,	1.460E+00,	-1.300E-01
7.900E+00,	3.784E-04,	1.045E-04,	2.739E-04,	2.761E-01,	6.202E-01,	1.203E-01,	1.220E+00,	-8.900E-02
8.200E+00,	3.771E-04,	4.500E-05,	3.321E-04,	1.193E-01,	5.999E-01,	1.199E-01,	1.120E+00,	-1.200E-01
8.500E+00,	5.619E-04,	5.672E-05,	5.052E-04,	1.009E-01,	5.476E-01,	1.786E-01,	1.060E+00,	-2.100E-01
8.700E+00,	7.805E-04,	1.147E-04,	6.659E-04,	1.469E-01,	5.314E-01,	2.482E-01,	1.190E+00,	-2.900E-01
9.000E+00,	1.411E-03,	5.287E-04,	8.827E-04,	3.746E-01,	4.719E-01,	4.487E-01,	1.850E+00,	-4.400E-01
9.200E+00,	1.697E-03,	7.026E-04,	9.946E-04,	4.140E-01,	4.264E-01,	5.396E-01,	2.220E+00,	-5.400E-01
9.500E+00,	2.018E-03,	9.470E-04,	1.071E-03,	4.693E-01,	3.504E-01,	6.415E-01,	2.940E+00,	-6.500E-01
9.800E+00,	1.942E-03,	9.040E-04,	1.038E-03,	4.655E-01,	3.491E-01,	6.174E-01,	2.910E+00,	-6.500E-01
1.000E+01,	1.708E-03,	8.042E-04,	9.041E-04,	4.708E-01,	3.882E-01,	5.431E-01,	2.570E+00,	-5.000E-01
1.060E+01,	1.009E-03,	4.795E-04,	5.295E-04,	4.752E-01,	4.618E-01,	3.208E-01,	1.910E+00,	-2.500E-01
1.100E+01,	8.408E-04,	4.182E-04,	4.225E-04,	4.974E-01,	4.673E-01,	2.673E-01,	1.830E+00,	-2.000E-01
1.150E+01,	9.417E-04,	3.376E-04,	6.041E-04,	3.585E-01,	4.400E-01,	2.994E-01,	1.810E+00,	-3.500E-01
1.250E+01,	9.841E-04,	2.557E-04,	7.284E-04,	2.599E-01,	4.002E-01,	3.129E-01,	1.740E+00,	-5.000E-01
1.300E+01,	8.788E-04,	3.510E-04,	5.278E-04,	3.994E-01,	4.075E-01,	2.794E-01,	2.000E+00,	-3.500E-01
1.400E+01,	5.069E-04,	1.636E-04,	3.433E-04,	3.227E-01,	4.286E-01,	1.612E-01,	1.630E+00,	-2.200E-01
1.480E+01,	4.645E-04,	1.124E-04,	3.521E-04,	2.420E-01,	4.135E-01,	1.477E-01,	1.540E+00,	-2.400E-01
1.500E+01,	4.745E-04,	9.961E-05,	3.748E-04,	2.099E-01,	4.061E-01,	1.508E-01,	1.510E+00,	-2.600E-01
1.640E+01,	4.868E-04,	7.594E-05,	4.109E-04,	1.560E-01,	3.704E-01,	1.548E-01,	1.470E+00,	-3.200E-01
1.720E+01,	5.171E-04,	7.564E-05,	4.415E-04,	1.463E-01,	3.497E-01,	1.644E-01,	1.490E+00,	-3.700E-01
1.800E+01,	6.031E-04,	1.234E-04,	4.796E-04,	2.047E-01,	3.309E-01,	1.917E-01,	1.770E+00,	-4.700E-01
1.850E+01,	6.746E-04,	1.688E-04,	5.059E-04,	2.501E-01,	3.112E-01,	2.145E-01,	2.050E+00,	-5.700E-01
2.000E+01,	7.415E-04,	1.755E-04,	5.660E-04,	2.367E-01,	2.643E-01,	2.357E-01,	2.200E+00,	-8.200E-01
2.130E+01,	7.253E-04,	1.764E-04,	5.489E-04,	2.432E-01,	2.410E-01,	2.306E-01,	2.390E+00,	-9.400E-01
2.250E+01,	6.778E-04,	1.826E-04,	4.952E-04,	2.693E-01,	2.246E-01,	2.155E-01,	2.690E+00,	-1.000E+00
2.500E+01,	5.117E-04,	1.643E-04,	3.475E-04,	3.210E-01,	2.305E-01,	1.627E-01,	2.990E+00,	-8.000E-01
2.790E+01,	4.230E-04,	9.917E-05,	3.238E-04,	2.344E-01,	2.257E-01,	1.345E-01,	2.570E+00,	-7.800E-01
3.000E+01,	3.491E-04,	7.212E-05,	2.770E-04,	2.066E-01,	2.279E-01,	1.110E-01,	2.420E+00,	-6.700E-01
3.500E+01,	2.593E-04,	4.571E-05,	2.136E-04,	1.763E-01,	2.132E-01,	8.243E-02,	2.420E+00,	-6.200E-01
4.000E+01,	2.356E-04,	2.926E-05,	2.063E-04,	1.242E-01,	1.843E-01,	7.489E-02,	2.340E+00,	-7.000E-01
#
# volume phase function [1/km]:
# -----------------------------
#
# sca.ang. | wavelengths --->
# ---------|------------------
#          | 2.500E-01 3.000E-01 3.500E-01 4.000E-01 4.500E-01 5.000E-01 5.500E-01 6.000E-01 6.500E-01 7.000E-01 7.500E-01 8.000E-01 9.000E-01 1.000E+00 1.250E+00 1.500E+00 1.750E+00 2.000E+00 2.500E+00 3.000E+00 3.200E+00 3.390E+00 3.500E+00 3.750E+00 4.000E+00 4.500E+00 5.000E+00 5.500E+00 6.000E+00 6.200E+00 6.500E+00 7.200E+00 7.900E+00 8.200E+00 8.500E+00 8.700E+00 9.000E+00 9.200E+00 9.500E+00 9.800E+00 1.000E+01 1.060E+01 1.100E+01 1.150E+01 1.250E+01 1.300E+01 1.400E+01 1.480E+01 1.500E+01 1.640E+01 1.720E+01 1.800E+01 1.850E+01 2.000E+01 2.130E+01 2.250E+01 2.500E+01 2.790E+01 3.000E+01 3.500E+01 4.000E+01
#
  0.000E+00  1.957E-01 1.386E-01 1.039E-01 8.109E-02 6.538E-02 5.395E-02 4.549E-02 3.897E-02 3.383E-02 2.974E-02 2.641E-02 2.366E-02 1.943E-02 1.636E-02 1.149E-02 8.702E-03 6.898E-03 5.626E-03 3.913E-03 2.690E-03 2.492E-03 2.277E-03 2.155E-03 1.918E-03 1.722E-03 1.341E-03 1.009E-03 7.359E-04 5.385E-04 4.724E-04 4.210E-04 2.947E-04 9.053E-05 3.803E-05 4.010E-05 7.355E-05 2.384E-04 2.705E-04 2.927E-04 2.755E-04 2.627E-04 1.912E-04 1.694E-04 1.313E-04 9.230E-05 1.178E-04 6.170E-05 4.173E-05 3.660E-05 2.552E-05 2.391E-05 3.510E-05 4.392E-05 4.067E-05 3.808E-05 3.713E-05 3.241E-05 1.965E-05 1.437E-05 8.727E-06 5.268E-06
  1.000E-01  1.939E-01 1.377E-01 1.034E-01 8.080E-02 6.520E-02 5.383E-02 4.541E-02 3.891E-02 3.379E-02 2.971E-02 2.638E-02 2.364E-02 1.942E-02 1.635E-02 1.149E-02 8.700E-03 6.897E-03 5.625E-03 3.913E-03 2.689E-03 2.492E-03 2.277E-03 2.154E-03 1.918E-03 1.721E-03 1.341E-03 1.009E-03 7.358E-04 5.385E-04 4.724E-04 4.210E-04 2.947E-04 9.053E-05 3.803E-05 4.009E-05 7.355E-05 2.384E-04 2.705E-04 2.927E-04 2.755E-04 2.627E-04 1.912E-04 1.694E-04 1.313E-04 9.230E-05 1.178E-04 6.170E-05 4.173E-05 3.660E-05 2.552E-05 2.391E-05 3.510E-05 4.392E-05 4.067E-05 3.808E-05 3.713E-05 3.241E-05 1.965E-05 1.437E-05 8.727E-06 5.268E-06
  2.000E-01  1.889E-01 1.352E-01 1.020E-01 7.996E-02 6.466E-02 5.347E-02 4.516E-02 3.873E-02 3.366E-02 2.961E-02 2.631E-02 2.358E-02 1.938E-02 1.633E-02 1.148E-02 8.695E-03 6.894E-03 5.623E-03 3.912E-03 2.689E-03 2.491E-03 2.277E-03 2.154E-03 1.918E-03 1.721E-03 1.341E-03 1.009E-03 7.358E-04 5.384E-04 4.723E-04 4.210E-04 2.947E-04 9.052E-05 3.803E-05 4.009E-05 7.355E-05 2.384E-04 2.705E-04 2.926E-04 2.755E-04 2.627E-04 1.912E-04 1.694E-04 1.313E-04 9.230E-05 1.178E-04 6.170E-05 4.173E-05 3.660E-05 2.552E-05 2.391E-05 3.510E-05 4.392E-05 4.067E-05 3.808E-05 3.713E-05 3.241E-05 1.965E-05 1.437E-05 8.727E-06 5.268E-06
  3.000E-01  1.816E-01 1.314E-01 9.983E-02 7.864E-02 6.381E-02 5.290E-02 4.476E-02 3.844E-02 3.344E-02 2.945E-02 2.618E-02 2.348E-02 1.932E-02 1.629E-02 1.146E-02 8.685E-03 6.888E-03 5.620E-03 3.911E-03 2.688E-03 2.491E-03 2.276E-03 2.154E-03 1.918E-03 1.721E-03 1.341E-03 1.009E-03 7.357E-04 5.384E-04 4.723E-04 4.210E-04 2.947E-04 9.051E-05 3.802E-05 4.009E-05 7.354E-05 2.384E-04 2.705E-04 2.926E-04 2.755E-04 2.626E-04 1.912E-04 1.694E-04 1.313E-04 9.229E-05 1.178E-04 6.170E-05 4.173E-05 3.660E-05 2.552E-05 2.391E-05 3.510E-05 4.392E-05 4.067E-05 3.808E-05 3.713E-05 3.241E-05 1.965E-05 1.437E-05 8.727E-06 5.268E-06
  4.000E-01  1.729E-01 1.267E-01 9.707E-02 7.692E-02 6.268E-02 5.213E-02 4.422E-02 3.805E-02 3.315E-02 2.923E-02 2.601E-02 2.335E-02 1.923E-02 1.623E-02 1.144E-02 8.672E-03 6.881E-03 5.615E-03 3.909E-03 2.687E-03 2.490E-03 2.275E-03 2.153E-03 1.917E-03 1.721E-03 1.341E-03 1.008E-03 7.356E-04 5.383E-04 4.722E-04 4.209E-04 2.946E-04 9.050E-05 3.801E-05 4.008E-05 7.353E-05 2.384E-04 2.705E-04 2.926E-04 2.755E-04 2.626E-04 1.911E-04 1.694E-04 1.312E-04 9.229E-05 1.178E-04 6.170E-05 4.172E-05 3.660E-05 2.552E-05 2.391E-05 3.510E-05 4.392E-05 4.067E-05 3.807E-05 3.713E-05 3.241E-05 1.965E-05 1.437E-05 8.726E-06 5.268E-06
  5.000E-01  1.636E-01 1.215E-01 9.391E-02 7.491E-02 6.135E-02 5.121E-02 4.356E-02 3.757E-02 3.279E-02 2.895E-02 2.580E-02 2.318E-02 1.912E-02 1.615E-02 1.140E-02 8.656E-03 6.872E-03 5.609E-03 3.906E-03 2.686E-03 2.489E-03 2.275E-03 2.152E-03 1.916E-03 1.720E-03 1.340E-03 1.008E-03 7.354E-04 5.382E-04 4.721E-04 4.208E-04 2.946E-04 9.048E-05 3.801E-05 4.008E-05 7.352E-05 2.384E-04 2.704E-04 2.926E-04 2.755E-04 2.626E-04 1.911E-04 1.694E-04 1.312E-04 9.228E-05 1.178E-04 6.169E-05 4.172E-05 3.659E-05 2.552E-05 2.390E-05 3.510E-05 4.392E-05 4.067E-05 3.807E-05 3.713E-05 3.241E-05 1.965E-05 1.437E-05 8.726E-06 5.268E-06
  6.000E-01  1.539E-01 1.159E-01 9.049E-02 7.270E-02 5.985E-02 5.016E-02 4.281E-02 3.702E-02 3.237E-02 2.863E-02 2.555E-02 2.298E-02 1.899E-02 1.607E-02 1.136E-02 8.636E-03 6.860E-03 5.602E-03 3.903E-03 2.684E-03 2.487E-03 2.273E-03 2.151E-03 1.916E-03 1.719E-03 1.340E-03 1.008E-03 7.352E-04 5.380E-04 4.720E-04 4.207E-04 2.945E-04 9.046E-05 3.800E-05 4.007E-05 7.351E-05 2.383E-04 2.704E-04 2.926E-04 2.754E-04 2.626E-04 1.911E-04 1.693E-04 1.312E-04 9.228E-05 1.178E-04 6.169E-05 4.172E-05 3.659E-05 2.552E-05 2.390E-05 3.510E-05 4.391E-05 4.067E-05 3.807E-05 3.712E-05 3.240E-05 1.965E-05 1.437E-05 8.726E-06 5.268E-06
  7.000E-01  1.444E-01 1.102E-01 8.692E-02 7.034E-02 5.823E-02 4.902E-02 4.197E-02 3.640E-02 3.190E-02 2.827E-02 2.526E-02 2.275E-02 1.884E-02 1.596E-02 1.132E-02 8.613E-03 6.847E-03 5.594E-03 3.899E-03 2.682E-03 2.486E-03 2.272E-03 2.150E-03 1.915E-03 1.719E-03 1.339E-03 1.008E-03 7.350E-04 5.379E-04 4.719E-04 4.206E-04 2.944E-04 9.043E-05 3.799E-05 4.006E-05 7.349E-05 2.383E-04 2.704E-04 2.925E-04 2.754E-04 2.626E-04 1.911E-04 1.693E-04 1.312E-04 9.227E-05 1.178E-04 6.168E-05 4.172E-05 3.659E-05 2.551E-05 2.390E-05 3.509E-05 4.391E-05 4.067E-05 3.807E-05 3.712E-05 3.240E-05 1.965E-05 1.437E-05 8.726E-06 5.268E-06
  8.000E-01  1.352E-01 1.046E-01 8.329E-02 6.790E-02 5.654E-02 4.781E-02 4.108E-02 3.573E-02 3.140E-02 2.787E-02 2.495E-02 2.250E-02 1.868E-02 1.585E-02 1.127E-02 8.586E-03 6.831E-03 5.585E-03 3.895E-03 2.680E-03 2.484E-03 2.271E-03 2.149E-03 1.914E-03 1.718E-03 1.339E-03 1.007E-03 7.347E-04 5.377E-04 4.717E-04 4.205E-04 2.944E-04 9.040E-05 3.797E-05 4.005E-05 7.348E-05 2.383E-04 2.704E-04 2.925E-04 2.754E-04 2.625E-04 1.911E-04 1.693E-04 1.312E-04 9.226E-05 1.178E-04 6.168E-05 4.171E-05 3.658E-05 2.551E-05 2.390E-05 3.509E-05 4.391E-05 4.066E-05 3.807E-05 3.712E-05 3.240E-05 1.965E-05 1.437E-05 8.725E-06 5.267E-06
  9.000E-01  1.263E-01 9.904E-02 7.966E-02 6.543E-02 5.479E-02 4.655E-02 4.015E-02 3.503E-02 3.085E-02 2.745E-02 2.461E-02 2.223E-02 1.850E-02 1.573E-02 1.121E-02 8.556E-03 6.814E-03 5.574E-03 3.890E-03 2.677E-03 2.482E-03 2.269E-03 2.147E-03 1.912E-03 1.717E-03 1.338E-03 1.007E-03 7.344E-04 5.375E-04 4.715E-04 4.203E-04 2.943E-04 9.037E-05 3.796E-05 4.003E-05 7.346E-05 2.382E-04 2.703E-04 2.925E-04 2.753E-04 2.625E-04 1.911E-04 1.693E-04 1.312E-04 9.225E-05 1.177E-04 6.167E-05 4.171E-05 3.658E-05 2.551E-05 2.390E-05 3.509E-05 4.391E-05 4.066E-05 3.807E-05 3.712E-05 3.240E-05 1.964E-05 1.437E-05 8.725E-06 5.267E-06
  1.000E+00  1.179E-01 9.366E-02 7.607E-02 6.295E-02 5.303E-02 4.526E-02 3.919E-02 3.429E-02 3.028E-02 2.700E-02 2.426E-02 2.195E-02 1.830E-02 1.559E-02 1.115E-02 8.524E-03 6.795E-03 5.562E-03 3.884E-03 2.675E-03 2.480E-03 2.267E-03 2.146E-03 1.911E-03 1.716E-03 1.337E-03 1.006E-03 7.341E-04 5.373E-04 4.713E-04 4.202E-04 2.942E-04 9.033E-05 3.794E-05 4.002E-05 7.343E-05 2.382E-04 2.703E-04 2.924E-04 2.753E-04 2.625E-04 1.910E-04 1.693E-04 1.312E-04 9.223E-05 1.177E-04 6.166E-05 4.170E-05 3.657E-05 2.551E-05 2.389E-05 3.509E-05 4.390E-05 4.066E-05 3.806E-05 3.712E-05 3.240E-05 1.964E-05 1.436E-05 8.725E-06 5.267E-06
  1.100E+00  1.099E-01 8.848E-02 7.256E-02 6.049E-02 5.126E-02 4.395E-02 3.820E-02 3.354E-02 2.969E-02 2.654E-02 2.388E-02 2.164E-02 1.810E-02 1.545E-02 1.108E-02 8.488E-03 6.775E-03 5.549E-03 3.878E-03 2.672E-03 2.477E-03 2.265E-03 2.144E-03 1.910E-03 1.715E-03 1.337E-03 1.006E-03 7.337E-04 5.370E-04 4.711E-04 4.200E-04 2.941E-04 9.029E-05 3.792E-05 4.000E-05 7.341E-05 2.381E-04 2.702E-04 2.924E-04 2.753E-04 2.624E-04 1.910E-04 1.692E-04 1.311E-04 9.222E-05 1.177E-04 6.165E-05 4.169E-05 3.657E-05 2.550E-05 2.389E-05 3.508E-05 4.390E-05 4.066E-05 3.806E-05 3.712E-05 3.240E-05 1.964E-05 1.436E-05 8.724E-06 5.267E-06
  1.200E+00  1.025E-01 8.353E-02 6.915E-02 5.807E-02 4.950E-02 4.264E-02 3.721E-02 3.277E-02 2.909E-02 2.606E-02 2.350E-02 2.133E-02 1.789E-02 1.530E-02 1.101E-02 8.450E-03 6.753E-03 5.535E-03 3.872E-03 2.668E-03 2.474E-03 2.263E-03 2.142E-03 1.908E-03 1.713E-03 1.336E-03 1.005E-03 7.334E-04 5.368E-04 4.709E-04 4.198E-04 2.940E-04 9.024E-05 3.790E-05 3.999E-05 7.338E-05 2.381E-04 2.702E-04 2.923E-04 2.752E-04 2.624E-04 1.910E-04 1.692E-04 1.311E-04 9.220E-05 1.177E-04 6.164E-05 4.169E-05 3.656E-05 2.550E-05 2.389E-05 3.508E-05 4.390E-05 4.065E-05 3.806E-05 3.711E-05 3.239E-05 1.964E-05 1.436E-05 8.724E-06 5.266E-06
  1.300E+00  9.558E-02 7.883E-02 6.586E-02 5.571E-02 4.776E-02 4.133E-02 3.621E-02 3.199E-02 2.848E-02 2.557E-02 2.310E-02 2.101E-02 1.766E-02 1.514E-02 1.094E-02 8.410E-03 6.729E-03 5.520E-03 3.865E-03 2.665E-03 2.471E-03 2.260E-03 2.140E-03 1.906E-03 1.712E-03 1.335E-03 1.005E-03 7.329E-04 5.365E-04 4.706E-04 4.196E-04 2.938E-04 9.019E-05 3.788E-05 3.997E-05 7.335E-05 2.380E-04 2.701E-04 2.923E-04 2.752E-04 2.623E-04 1.909E-04 1.692E-04 1.311E-04 9.219E-05 1.177E-04 6.163E-05 4.168E-05 3.656E-05 2.549E-05 2.388E-05 3.507E-05 4.389E-05 4.065E-05 3.806E-05 3.711E-05 3.239E-05 1.964E-05 1.436E-05 8.723E-06 5.266E-06
  1.400E+00  8.913E-02 7.437E-02 6.269E-02 5.341E-02 4.605E-02 4.004E-02 3.521E-02 3.121E-02 2.786E-02 2.507E-02 2.270E-02 2.067E-02 1.743E-02 1.497E-02 1.086E-02 8.367E-03 6.703E-03 5.504E-03 3.858E-03 2.661E-03 2.468E-03 2.258E-03 2.137E-03 1.904E-03 1.710E-03 1.334E-03 1.004E-03 7.324E-04 5.361E-04 4.704E-04 4.193E-04 2.937E-04 9.013E-05 3.786E-05 3.995E-05 7.332E-05 2.379E-04 2.700E-04 2.922E-04 2.751E-04 2.623E-04 1.909E-04 1.691E-04 1.311E-04 9.217E-05 1.177E-04 6.162E-05 4.167E-05 3.655E-05 2.549E-05 2.388E-05 3.507E-05 4.389E-05 4.064E-05 3.805E-05 3.711E-05 3.239E-05 1.964E-05 1.436E-05 8.723E-06 5.266E-06
  1.500E+00  8.313E-02 7.016E-02 5.966E-02 5.118E-02 4.438E-02 3.877E-02 3.422E-02 3.043E-02 2.724E-02 2.457E-02 2.229E-02 2.034E-02 1.720E-02 1.480E-02 1.078E-02 8.322E-03 6.677E-03 5.487E-03 3.850E-03 2.657E-03 2.465E-03 2.255E-03 2.135E-03 1.902E-03 1.709E-03 1.333E-03 1.003E-03 7.319E-04 5.358E-04 4.701E-04 4.191E-04 2.935E-04 9.008E-05 3.783E-05 3.992E-05 7.328E-05 2.379E-04 2.700E-04 2.922E-04 2.751E-04 2.622E-04 1.908E-04 1.691E-04 1.310E-04 9.215E-05 1.176E-04 6.161E-05 4.166E-05 3.654E-05 2.549E-05 2.388E-05 3.507E-05 4.388E-05 4.064E-05 3.805E-05 3.710E-05 3.239E-05 1.964E-05 1.436E-05 8.722E-06 5.265E-06
  1.600E+00  7.757E-02 6.619E-02 5.677E-02 4.903E-02 4.275E-02 3.751E-02 3.324E-02 2.965E-02 2.661E-02 2.406E-02 2.187E-02 1.999E-02 1.696E-02 1.463E-02 1.069E-02 8.276E-03 6.649E-03 5.469E-03 3.841E-03 2.652E-03 2.461E-03 2.252E-03 2.132E-03 1.900E-03 1.707E-03 1.332E-03 1.002E-03 7.314E-04 5.354E-04 4.698E-04 4.188E-04 2.934E-04 9.001E-05 3.781E-05 3.990E-05 7.325E-05 2.378E-04 2.699E-04 2.921E-04 2.750E-04 2.622E-04 1.908E-04 1.690E-04 1.310E-04 9.213E-05 1.176E-04 6.159E-05 4.166E-05 3.654E-05 2.548E-05 2.387E-05 3.506E-05 4.387E-05 4.064E-05 3.804E-05 3.710E-05 3.239E-05 1.964E-05 1.436E-05 8.721E-06 5.265E-06
  1.700E+00  7.243E-02 6.245E-02 5.402E-02 4.696E-02 4.117E-02 3.629E-02 3.228E-02 2.889E-02 2.600E-02 2.356E-02 2.146E-02 1.965E-02 1.671E-02 1.445E-02 1.060E-02 8.227E-03 6.620E-03 5.451E-03 3.833E-03 2.648E-03 2.458E-03 2.249E-03 2.129E-03 1.898E-03 1.705E-03 1.330E-03 1.002E-03 7.308E-04 5.350E-04 4.694E-04 4.185E-04 2.932E-04 8.995E-05 3.778E-05 3.988E-05 7.321E-05 2.377E-04 2.698E-04 2.920E-04 2.749E-04 2.621E-04 1.907E-04 1.690E-04 1.310E-04 9.211E-05 1.176E-04 6.158E-05 4.165E-05 3.653E-05 2.548E-05 2.387E-05 3.505E-05 4.387E-05 4.063E-05 3.804E-05 3.710E-05 3.238E-05 1.963E-05 1.436E-05 8.721E-06 5.265E-06
  1.800E+00  6.766E-02 5.895E-02 5.140E-02 4.498E-02 3.964E-02 3.509E-02 3.133E-02 2.813E-02 2.538E-02 2.306E-02 2.104E-02 1.930E-02 1.647E-02 1.427E-02 1.051E-02 8.177E-03 6.589E-03 5.431E-03 3.823E-03 2.643E-03 2.453E-03 2.245E-03 2.126E-03 1.896E-03 1.703E-03 1.329E-03 1.001E-03 7.303E-04 5.346E-04 4.691E-04 4.182E-04 2.930E-04 8.988E-05 3.775E-05 3.985E-05 7.316E-05 2.376E-04 2.697E-04 2.920E-04 2.749E-04 2.621E-04 1.907E-04 1.690E-04 1.309E-04 9.209E-05 1.176E-04 6.157E-05 4.164E-05 3.652E-05 2.547E-05 2.386E-05 3.505E-05 4.386E-05 4.063E-05 3.804E-05 3.709E-05 3.238E-05 1.963E-05 1.436E-05 8.720E-06 5.264E-06
  1.900E+00  6.324E-02 5.565E-02 4.891E-02 4.307E-02 3.816E-02 3.393E-02 3.041E-02 2.738E-02 2.478E-02 2.256E-02 2.063E-02 1.896E-02 1.622E-02 1.409E-02 1.042E-02 8.125E-03 6.558E-03 5.411E-03 3.814E-03 2.637E-03 2.449E-03 2.242E-03 2.123E-03 1.893E-03 1.701E-03 1.328E-03 9.997E-04 7.296E-04 5.342E-04 4.687E-04 4.179E-04 2.928E-04 8.980E-05 3.772E-05 3.982E-05 7.312E-05 2.375E-04 2.696E-04 2.919E-04 2.748E-04 2.620E-04 1.906E-04 1.689E-04 1.309E-04 9.206E-05 1.175E-04 6.155E-05 4.163E-05 3.651E-05 2.546E-05 2.386E-05 3.504E-05 4.386E-05 4.062E-05 3.803E-05 3.709E-05 3.238E-05 1.963E-05 1.435E-05 8.719E-06 5.264E-06
  2.000E+00  5.916E-02 5.256E-02 4.654E-02 4.125E-02 3.674E-02 3.280E-02 2.950E-02 2.665E-02 2.418E-02 2.206E-02 2.022E-02 1.861E-02 1.597E-02 1.391E-02 1.033E-02 8.072E-03 6.525E-03 5.390E-03 3.803E-03 2.632E-03 2.445E-03 2.238E-03 2.120E-03 1.890E-03 1.699E-03 1.326E-03 9.987E-04 7.290E-04 5.337E-04 4.683E-04 4.176E-04 2.926E-04 8.973E-05 3.768E-05 3.979E-05 7.307E-05 2.374E-04 2.695E-04 2.918E-04 2.747E-04 2.619E-04 1.906E-04 1.689E-04 1.309E-04 9.203E-05 1.175E-04 6.153E-05 4.161E-05 3.650E-05 2.546E-05 2.385E-05 3.504E-05 4.385E-05 4.061E-05 3.803E-05 3.708E-05 3.237E-05 1.963E-05 1.435E-05 8.718E-06 5.263E-06
  3.000E+00  3.152E-02 3.039E-02 2.878E-02 2.695E-02 2.514E-02 2.333E-02 2.171E-02 2.018E-02 1.877E-02 1.751E-02 1.636E-02 1.532E-02 1.353E-02 1.207E-02 9.335E-03 7.489E-03 6.159E-03 5.147E-03 3.683E-03 2.567E-03 2.391E-03 2.193E-03 2.079E-03 1.858E-03 1.672E-03 1.308E-03 9.865E-04 7.206E-04 5.280E-04 4.633E-04 4.134E-04 2.901E-04 8.875E-05 3.727E-05 3.942E-05 7.248E-05 2.362E-04 2.684E-04 2.907E-04 2.738E-04 2.610E-04 1.898E-04 1.682E-04 1.304E-04 9.171E-05 1.172E-04 6.132E-05 4.147E-05 3.637E-05 2.538E-05 2.378E-05 3.495E-05 4.376E-05 4.054E-05 3.796E-05 3.703E-05 3.233E-05 1.960E-05 1.433E-05 8.708E-06 5.257E-06
  4.000E+00  1.797E-02 1.845E-02 1.843E-02 1.805E-02 1.751E-02 1.678E-02 1.607E-02 1.532E-02 1.456E-02 1.385E-02 1.317E-02 1.253E-02 1.137E-02 1.036E-02 8.342E-03 6.871E-03 5.752E-03 4.867E-03 3.537E-03 2.485E-03 2.323E-03 2.136E-03 2.027E-03 1.815E-03 1.637E-03 1.285E-03 9.701E-04 7.094E-04 5.202E-04 4.567E-04 4.076E-04 2.866E-04 8.742E-05 3.670E-05 3.892E-05 7.168E-05 2.346E-04 2.667E-04 2.892E-04 2.724E-04 2.597E-04 1.888E-04 1.673E-04 1.297E-04 9.125E-05 1.167E-04 6.103E-05 4.127E-05 3.620E-05 2.527E-05 2.369E-05 3.484E-05 4.363E-05 4.044E-05 3.788E-05 3.695E-05 3.227E-05 1.957E-05 1.431E-05 8.693E-06 5.249E-06
  5.000E+00  1.088E-02 1.174E-02 1.225E-02 1.245E-02 1.248E-02 1.229E-02 1.207E-02 1.176E-02 1.139E-02 1.103E-02 1.064E-02 1.027E-02 9.545E-03 8.875E-03 7.419E-03 6.266E-03 5.338E-03 4.574E-03 3.377E-03 2.392E-03 2.244E-03 2.069E-03 1.966E-03 1.765E-03 1.596E-03 1.256E-03 9.502E-04 6.956E-04 5.107E-04 4.484E-04 4.006E-04 2.824E-04 8.578E-05 3.600E-05 3.829E-05 7.068E-05 2.325E-04 2.647E-04 2.874E-04 2.707E-04 2.581E-04 1.875E-04 1.662E-04 1.288E-04 9.068E-05 1.160E-04 6.065E-05 4.102E-05 3.598E-05 2.513E-05 2.357E-05 3.469E-05 4.347E-05 4.030E-05 3.776E-05 3.685E-05 3.219E-05 1.952E-05 1.428E-05 8.675E-06 5.239E-06
  6.000E+00  6.940E-03 7.783E-03 8.426E-03 8.839E-03 9.120E-03 9.196E-03 9.229E-03 9.163E-03 9.022E-03 8.866E-03 8.675E-03 8.472E-03 8.048E-03 7.620E-03 6.590E-03 5.698E-03 4.936E-03 4.280E-03 3.209E-03 2.292E-03 2.159E-03 1.996E-03 1.899E-03 1.710E-03 1.549E-03 1.224E-03 9.274E-04 6.798E-04 4.996E-04 4.389E-04 3.924E-04 2.774E-04 8.388E-05 3.518E-05 3.756E-05 6.950E-05 2.300E-04 2.622E-04 2.851E-04 2.687E-04 2.562E-04 1.859E-04 1.648E-04 1.278E-04 8.998E-05 1.153E-04 6.020E-05 4.072E-05 3.571E-05 2.496E-05 2.342E-05 3.451E-05 4.327E-05 4.014E-05 3.763E-05 3.673E-05 3.210E-05 1.946E-05 1.423E-05 8.652E-06 5.226E-06
  8.000E+00  3.211E-03 3.812E-03 4.378E-03 4.831E-03 5.227E-03 5.469E-03 5.691E-03 5.826E-03 5.891E-03 5.936E-03 5.939E-03 5.920E-03 5.831E-03 5.694E-03 5.222E-03 4.704E-03 4.198E-03 3.721E-03 2.872E-03 2.084E-03 1.978E-03 1.839E-03 1.755E-03 1.588E-03 1.447E-03 1.151E-03 8.755E-04 6.436E-04 4.741E-04 4.168E-04 3.734E-04 2.656E-04 7.946E-05 3.330E-05 3.585E-05 6.671E-05 2.240E-04 2.563E-04 2.797E-04 2.638E-04 2.515E-04 1.821E-04 1.614E-04 1.252E-04 8.828E-05 1.134E-04 5.909E-05 3.997E-05 3.506E-05 2.455E-05 2.306E-05 3.406E-05 4.278E-05 3.974E-05 3.728E-05 3.643E-05 3.187E-05 1.932E-05 1.413E-05 8.594E-06 5.193E-06
  1.000E+01  1.712E-03 2.110E-03 2.536E-03 2.908E-03 3.266E-03 3.509E-03 3.755E-03 3.934E-03 4.056E-03 4.166E-03 4.239E-03 4.293E-03 4.349E-03 4.351E-03 4.182E-03 3.897E-03 3.566E-03 3.221E-03 2.550E-03 1.877E-03 1.795E-03 1.678E-03 1.606E-03 1.461E-03 1.337E-03 1.072E-03 8.185E-04 6.033E-04 4.456E-04 3.921E-04 3.519E-04 2.521E-04 7.452E-05 3.120E-05 3.391E-05 6.351E-05 2.169E-04 2.492E-04 2.732E-04 2.579E-04 2.458E-04 1.775E-04 1.573E-04 1.221E-04 8.619E-05 1.111E-04 5.772E-05 3.904E-05 3.425E-05 2.403E-05 2.261E-05 3.350E-05 4.216E-05 3.923E-05 3.685E-05 3.604E-05 3.157E-05 1.914E-05 1.400E-05 8.521E-06 5.151E-06
  1.200E+01  1.024E-03 1.293E-03 1.612E-03 1.903E-03 2.202E-03 2.409E-03 2.633E-03 2.805E-03 2.933E-03 3.055E-03 3.147E-03 3.224E-03 3.337E-03 3.402E-03 3.392E-03 3.249E-03 3.036E-03 2.787E-03 2.254E-03 1.681E-03 1.618E-03 1.521E-03 1.459E-03 1.334E-03 1.227E-03 9.902E-04 7.592E-04 5.612E-04 4.155E-04 3.660E-04 3.290E-04 2.377E-04 6.934E-05 2.900E-05 3.184E-05 6.004E-05 2.089E-04 2.412E-04 2.658E-04 2.511E-04 2.393E-04 1.722E-04 1.526E-04 1.185E-04 8.379E-05 1.085E-04 5.614E-05 3.797E-05 3.331E-05 2.343E-05 2.209E-05 3.284E-05 4.143E-05 3.863E-05 3.634E-05 3.558E-05 3.122E-05 1.893E-05 1.384E-05 8.433E-06 5.101E-06
  1.400E+01  6.721E-04 8.627E-04 1.109E-03 1.338E-03 1.585E-03 1.753E-03 1.946E-03 2.098E-03 2.213E-03 2.328E-03 2.419E-03 2.500E-03 2.628E-03 2.717E-03 2.787E-03 2.729E-03 2.593E-03 2.412E-03 1.988E-03 1.499E-03 1.452E-03 1.372E-03 1.319E-03 1.211E-03 1.119E-03 9.097E-04 6.999E-04 5.187E-04 3.851E-04 3.395E-04 3.058E-04 2.228E-04 6.413E-05 2.681E-05 2.974E-05 5.646E-05 2.004E-04 2.326E-04 2.578E-04 2.437E-04 2.322E-04 1.664E-04 1.475E-04 1.145E-04 8.115E-05 1.055E-04 5.439E-05 3.679E-05 3.228E-05 2.276E-05 2.150E-05 3.209E-05 4.060E-05 3.794E-05 3.574E-05 3.506E-05 3.081E-05 1.867E-05 1.366E-05 8.331E-06 5.043E-06
  1.600E+01  4.752E-04 6.173E-04 8.145E-04 9.988E-04 1.204E-03 1.340E-03 1.504E-03 1.633E-03 1.732E-03 1.834E-03 1.917E-03 1.992E-03 2.117E-03 2.211E-03 2.317E-03 2.308E-03 2.224E-03 2.092E-03 1.751E-03 1.333E-03 1.299E-03 1.232E-03 1.188E-03 1.095E-03 1.017E-03 8.318E-04 6.421E-04 4.771E-04 3.551E-04 3.133E-04 2.828E-04 2.078E-04 5.903E-05 2.467E-05 2.765E-05 5.286E-05 1.914E-04 2.235E-04 2.493E-04 2.359E-04 2.246E-04 1.602E-04 1.420E-04 1.103E-04 7.831E-05 1.023E-04 5.250E-05 3.551E-05 3.116E-05 2.203E-05 2.085E-05 3.127E-05 3.968E-05 3.717E-05 3.509E-05 3.447E-05 3.035E-05 1.839E-05 1.346E-05 8.215E-06 4.977E-06
  1.800E+01  3.562E-04 4.672E-04 6.300E-04 7.819E-04 9.549E-04 1.066E-03 1.205E-03 1.314E-03 1.398E-03 1.486E-03 1.558E-03 1.624E-03 1.739E-03 1.829E-03 1.946E-03 1.965E-03 1.914E-03 1.818E-03 1.541E-03 1.184E-03 1.159E-03 1.105E-03 1.067E-03 9.870E-04 9.204E-04 7.577E-04 5.867E-04 4.371E-04 3.261E-04 2.880E-04 2.604E-04 1.931E-04 5.415E-05 2.263E-05 2.563E-05 4.931E-05 1.823E-04 2.141E-04 2.404E-04 2.278E-04 2.167E-04 1.538E-04 1.363E-04 1.060E-04 7.534E-05 9.891E-05 5.051E-05 3.416E-05 2.998E-05 2.126E-05 2.017E-05 3.039E-05 3.869E-05 3.634E-05 3.437E-05 3.382E-05 2.984E-05 1.808E-05 1.323E-05 8.087E-06 4.903E-06
  2.000E+01  2.796E-04 3.697E-04 5.077E-04 6.355E-04 7.836E-04 8.752E-04 9.941E-04 1.086E-03 1.156E-03 1.231E-03 1.293E-03 1.351E-03 1.452E-03 1.534E-03 1.650E-03 1.683E-03 1.654E-03 1.583E-03 1.357E-03 1.050E-03 1.033E-03 9.882E-04 9.563E-04 8.876E-04 8.310E-04 6.883E-04 5.344E-04 3.991E-04 2.986E-04 2.639E-04 2.390E-04 1.788E-04 4.953E-05 2.071E-05 2.369E-05 4.587E-05 1.732E-04 2.047E-04 2.314E-04 2.195E-04 2.086E-04 1.473E-04 1.304E-04 1.015E-04 7.228E-05 9.539E-05 4.846E-05 3.277E-05 2.876E-05 2.046E-05 1.945E-05 2.946E-05 3.763E-05 3.545E-05 3.360E-05 3.313E-05 2.929E-05 1.775E-05 1.299E-05 7.948E-06 4.823E-06
  2.200E+01  2.274E-04 3.028E-04 4.220E-04 5.316E-04 6.600E-04 7.364E-04 8.387E-04 9.170E-04 9.750E-04 1.039E-03 1.092E-03 1.141E-03 1.229E-03 1.302E-03 1.411E-03 1.449E-03 1.435E-03 1.382E-03 1.195E-03 9.306E-04 9.193E-04 8.829E-04 8.560E-04 7.969E-04 7.488E-04 6.237E-04 4.856E-04 3.635E-04 2.726E-04 2.412E-04 2.188E-04 1.652E-04 4.521E-05 1.892E-05 2.185E-05 4.257E-05 1.640E-04 1.952E-04 2.224E-04 2.111E-04 2.005E-04 1.406E-04 1.245E-04 9.692E-05 6.917E-05 9.177E-05 4.636E-05 3.135E-05 2.751E-05 1.963E-05 1.871E-05 2.849E-05 3.653E-05 3.452E-05 3.278E-05 3.239E-05 2.870E-05 1.738E-05 1.273E-05 7.798E-06 4.737E-06
  2.400E+01  1.901E-04 2.545E-04 3.592E-04 4.544E-04 5.668E-04 6.314E-04 7.200E-04 7.868E-04 8.353E-04 8.901E-04 9.345E-04 9.765E-04 1.052E-03 1.116E-03 1.214E-03 1.254E-03 1.249E-03 1.208E-03 1.054E-03 8.249E-04 8.180E-04 7.882E-04 7.655E-04 7.145E-04 6.738E-04 5.643E-04 4.404E-04 3.304E-04 2.484E-04 2.200E-04 1.998E-04 1.523E-04 4.120E-05 1.726E-05 2.012E-05 3.943E-05 1.551E-04 1.858E-04 2.133E-04 2.026E-04 1.923E-04 1.340E-04 1.185E-04 9.237E-05 6.605E-05 8.810E-05 4.426E-05 2.992E-05 2.626E-05 1.880E-05 1.796E-05 2.749E-05 3.538E-05 3.354E-05 3.193E-05 3.161E-05 2.808E-05 1.700E-05 1.245E-05 7.638E-06 4.645E-06
  2.600E+01  1.622E-04 2.184E-04 3.111E-04 3.947E-04 4.940E-04 5.491E-04 6.263E-04 6.838E-04 7.246E-04 7.713E-04 8.089E-04 8.446E-04 9.095E-04 9.650E-04 1.052E-03 1.090E-03 1.090E-03 1.059E-03 9.294E-04 7.313E-04 7.277E-04 7.033E-04 6.841E-04 6.402E-04 6.056E-04 5.098E-04 3.988E-04 2.999E-04 2.260E-04 2.003E-04 1.822E-04 1.401E-04 3.750E-05 1.573E-05 1.850E-05 3.646E-05 1.464E-04 1.766E-04 2.044E-04 1.943E-04 1.841E-04 1.274E-04 1.127E-04 8.785E-05 6.295E-05 8.441E-05 4.216E-05 2.850E-05 2.502E-05 1.796E-05 1.720E-05 2.648E-05 3.421E-05 3.254E-05 3.105E-05 3.081E-05 2.744E-05 1.661E-05 1.216E-05 7.471E-06 4.548E-06
  2.800E+01  1.407E-04 1.901E-04 2.730E-04 3.470E-04 4.352E-04 4.827E-04 5.504E-04 6.001E-04 6.346E-04 6.747E-04 7.066E-04 7.369E-04 7.924E-04 8.401E-04 9.158E-04 9.517E-04 9.544E-04 9.308E-04 8.207E-04 6.487E-04 6.474E-04 6.276E-04 6.113E-04 5.733E-04 5.440E-04 4.602E-04 3.607E-04 2.719E-04 2.053E-04 1.822E-04 1.660E-04 1.288E-04 3.411E-05 1.432E-05 1.699E-05 3.367E-05 1.379E-04 1.675E-04 1.955E-04 1.861E-04 1.761E-04 1.210E-04 1.069E-04 8.341E-05 5.988E-05 8.073E-05 4.008E-05 2.709E-05 2.379E-05 1.713E-05 1.645E-05 2.546E-05 3.303E-05 3.152E-05 3.014E-05 2.998E-05 2.677E-05 1.619E-05 1.185E-05 7.296E-06 4.446E-06
  3.000E+01  1.234E-04 1.674E-04 2.418E-04 3.077E-04 3.863E-04 4.276E-04 4.874E-04 5.306E-04 5.599E-04 5.945E-04 6.216E-04 6.474E-04 6.948E-04 7.358E-04 8.013E-04 8.338E-04 8.381E-04 8.195E-04 7.256E-04 5.757E-04 5.762E-04 5.600E-04 5.463E-04 5.133E-04 4.885E-04 4.151E-04 3.261E-04 2.463E-04 1.864E-04 1.655E-04 1.510E-04 1.182E-04 3.100E-05 1.303E-05 1.560E-05 3.106E-05 1.297E-04 1.588E-04 1.869E-04 1.780E-04 1.682E-04 1.147E-04 1.012E-04 7.907E-05 5.688E-05 7.709E-05 3.803E-05 2.571E-05 2.258E-05 1.631E-05 1.570E-05 2.443E-05 3.183E-05 3.048E-05 2.922E-05 2.913E-05 2.608E-05 1.577E-05 1.154E-05 7.115E-06 4.341E-06
  3.200E+01  1.093E-04 1.487E-04 2.156E-04 2.746E-04 3.450E-04 3.812E-04 4.341E-04 4.719E-04 4.970E-04 5.269E-04 5.500E-04 5.721E-04 6.127E-04 6.478E-04 7.041E-04 7.330E-04 7.379E-04 7.231E-04 6.424E-04 5.114E-04 5.131E-04 5.000E-04 4.883E-04 4.597E-04 4.387E-04 3.744E-04 2.946E-04 2.230E-04 1.691E-04 1.503E-04 1.373E-04 1.084E-04 2.816E-05 1.186E-05 1.431E-05 2.863E-05 1.219E-04 1.504E-04 1.785E-04 1.701E-04 1.605E-04 1.085E-04 9.576E-05 7.485E-05 5.395E-05 7.351E-05 3.604E-05 2.436E-05 2.139E-05 1.551E-05 1.496E-05 2.342E-05 3.063E-05 2.944E-05 2.829E-05 2.827E-05 2.537E-05 1.533E-05 1.122E-05 6.929E-06 4.232E-06
  3.400E+01  9.754E-05 1.329E-04 1.934E-04 2.464E-04 3.096E-04 3.415E-04 3.886E-04 4.218E-04 4.434E-04 4.693E-04 4.892E-04 5.081E-04 5.428E-04 5.730E-04 6.212E-04 6.464E-04 6.515E-04 6.394E-04 5.695E-04 4.548E-04 4.573E-04 4.466E-04 4.367E-04 4.118E-04 3.939E-04 3.376E-04 2.661E-04 2.018E-04 1.534E-04 1.364E-04 1.248E-04 9.931E-05 2.558E-05 1.079E-05 1.312E-05 2.638E-05 1.145E-04 1.422E-04 1.704E-04 1.625E-04 1.530E-04 1.026E-04 9.045E-05 7.076E-05 5.110E-05 7.001E-05 3.410E-05 2.305E-05 2.025E-05 1.473E-05 1.424E-05 2.241E-05 2.944E-05 2.839E-05 2.736E-05 2.741E-05 2.465E-05 1.489E-05 1.090E-05 6.739E-06 4.121E-06
  3.600E+01  8.754E-05 1.194E-04 1.741E-04 2.218E-04 2.787E-04 3.070E-04 3.491E-04 3.784E-04 3.971E-04 4.198E-04 4.368E-04 4.531E-04 4.829E-04 5.088E-04 5.499E-04 5.718E-04 5.766E-04 5.667E-04 5.056E-04 4.048E-04 4.079E-04 3.992E-04 3.908E-04 3.690E-04 3.539E-04 3.045E-04 2.404E-04 1.826E-04 1.391E-04 1.238E-04 1.134E-04 9.097E-05 2.324E-05 9.813E-06 1.203E-05 2.429E-05 1.074E-04 1.344E-04 1.625E-04 1.551E-04 1.458E-04 9.689E-05 8.534E-05 6.682E-05 4.836E-05 6.659E-05 3.223E-05 2.178E-05 1.914E-05 1.396E-05 1.354E-05 2.142E-05 2.825E-05 2.735E-05 2.643E-05 2.654E-05 2.393E-05 1.444E-05 1.057E-05 6.546E-06 4.008E-06
  3.800E+01  7.890E-05 1.078E-04 1.573E-04 2.003E-04 2.516E-04 2.768E-04 3.145E-04 3.405E-04 3.567E-04 3.766E-04 3.914E-04 4.054E-04 4.311E-04 4.533E-04 4.884E-04 5.073E-04 5.117E-04 5.033E-04 4.497E-04 3.608E-04 3.643E-04 3.572E-04 3.500E-04 3.310E-04 3.181E-04 2.747E-04 2.172E-04 1.653E-04 1.261E-04 1.124E-04 1.030E-04 8.329E-05 2.111E-05 8.929E-06 1.103E-05 2.236E-05 1.007E-04 1.270E-04 1.550E-04 1.480E-04 1.388E-04 9.142E-05 8.044E-05 6.304E-05 4.571E-05 6.327E-05 3.042E-05 2.056E-05 1.807E-05 1.323E-05 1.285E-05 2.045E-05 2.709E-05 2.632E-05 2.550E-05 2.567E-05 2.321E-05 1.399E-05 1.024E-05 6.351E-06 3.894E-06
  4.000E+01  7.137E-05 9.751E-05 1.424E-04 1.813E-04 2.276E-04 2.501E-04 2.839E-04 3.070E-04 3.213E-04 3.388E-04 3.516E-04 3.638E-04 3.860E-04 4.052E-04 4.351E-04 4.513E-04 4.551E-04 4.479E-04 4.006E-04 3.220E-04 3.256E-04 3.199E-04 3.137E-04 2.971E-04 2.862E-04 2.479E-04 1.963E-04 1.496E-04 1.144E-04 1.020E-04 9.358E-05 7.625E-05 1.918E-05 8.126E-06 1.011E-05 2.058E-05 9.434E-05 1.199E-04 1.477E-04 1.411E-04 1.321E-04 8.618E-05 7.576E-05 5.943E-05 4.318E-05 6.006E-05 2.869E-05 1.939E-05 1.704E-05 1.251E-05 1.219E-05 1.950E-05 2.594E-05 2.531E-05 2.458E-05 2.480E-05 2.248E-05 1.354E-05 9.909E-06 6.155E-06 3.779E-06
  4.200E+01  6.474E-05 8.845E-05 1.292E-04 1.643E-04 2.062E-04 2.264E-04 2.568E-04 2.775E-04 2.900E-04 3.055E-04 3.167E-04 3.273E-04 3.466E-04 3.632E-04 3.887E-04 4.026E-04 4.058E-04 3.995E-04 3.575E-04 2.878E-04 2.915E-04 2.869E-04 2.816E-04 2.669E-04 2.576E-04 2.239E-04 1.775E-04 1.355E-04 1.037E-04 9.257E-05 8.504E-05 6.980E-05 1.743E-05 7.399E-06 9.271E-06 1.894E-05 8.836E-05 1.132E-04 1.408E-04 1.345E-04 1.256E-04 8.118E-05 7.129E-05 5.598E-05 4.076E-05 5.697E-05 2.704E-05 1.827E-05 1.606E-05 1.183E-05 1.155E-05 1.858E-05 2.483E-05 2.431E-05 2.367E-05 2.395E-05 2.175E-05 1.310E-05 9.580E-06 5.959E-06 3.663E-06
  4.400E+01  5.888E-05 8.042E-05 1.174E-04 1.492E-04 1.872E-04 2.053E-04 2.328E-04 2.513E-04 2.624E-04 2.762E-04 2.860E-04 2.953E-04 3.120E-04 3.264E-04 3.482E-04 3.600E-04 3.627E-04 3.572E-04 3.196E-04 2.576E-04 2.613E-04 2.575E-04 2.530E-04 2.401E-04 2.322E-04 2.024E-04 1.606E-04 1.228E-04 9.415E-05 8.407E-05 7.730E-05 6.391E-05 1.585E-05 6.739E-06 8.504E-06 1.744E-05 8.273E-05 1.068E-04 1.341E-04 1.282E-04 1.194E-04 7.643E-05 6.705E-05 5.270E-05 3.845E-05 5.400E-05 2.546E-05 1.721E-05 1.513E-05 1.118E-05 1.094E-05 1.768E-05 2.373E-05 2.333E-05 2.278E-05 2.310E-05 2.104E-05 1.265E-05 9.252E-06 5.764E-06 3.548E-06
  4.600E+01  5.365E-05 7.322E-05 1.068E-04 1.357E-04 1.700E-04 1.864E-04 2.113E-04 2.280E-04 2.378E-04 2.501E-04 2.588E-04 2.669E-04 2.816E-04 2.941E-04 3.127E-04 3.228E-04 3.250E-04 3.200E-04 2.863E-04 2.310E-04 2.346E-04 2.316E-04 2.276E-04 2.162E-04 2.094E-04 1.831E-04 1.454E-04 1.113E-04 8.548E-05 7.638E-05 7.030E-05 5.852E-05 1.442E-05 6.142E-06 7.803E-06 1.606E-05 7.744E-05 1.008E-04 1.278E-04 1.222E-04 1.135E-04 7.193E-05 6.302E-05 4.959E-05 3.625E-05 5.115E-05 2.395E-05 1.619E-05 1.424E-05 1.056E-05 1.036E-05 1.682E-05 2.268E-05 2.238E-05 2.191E-05 2.228E-05 2.033E-05 1.221E-05 8.928E-06 5.570E-06 3.433E-06
  4.800E+01  4.898E-05 6.678E-05 9.725E-05 1.235E-04 1.547E-04 1.695E-04 1.920E-04 2.071E-04 2.159E-04 2.269E-04 2.346E-04 2.418E-04 2.547E-04 2.656E-04 2.816E-04 2.902E-04 2.919E-04 2.874E-04 2.570E-04 2.074E-04 2.109E-04 2.085E-04 2.051E-04 1.950E-04 1.892E-04 1.658E-04 1.318E-04 1.010E-04 7.766E-05 6.944E-05 6.397E-05 5.360E-05 1.313E-05 5.602E-06 7.164E-06 1.479E-05 7.249E-05 9.505E-05 1.217E-04 1.164E-04 1.079E-04 6.766E-05 5.921E-05 4.664E-05 3.417E-05 4.842E-05 2.253E-05 1.523E-05 1.340E-05 9.962E-06 9.796E-06 1.599E-05 2.165E-05 2.146E-05 2.106E-05 2.146E-05 1.963E-05 1.178E-05 8.609E-06 5.378E-06 3.320E-06
  5.000E+01  4.478E-05 6.098E-05 8.866E-05 1.125E-04 1.408E-04 1.543E-04 1.748E-04 1.884E-04 1.964E-04 2.063E-04 2.131E-04 2.195E-04 2.309E-04 2.405E-04 2.542E-04 2.615E-04 2.628E-04 2.587E-04 2.311E-04 1.866E-04 1.900E-04 1.880E-04 1.851E-04 1.761E-04 1.711E-04 1.504E-04 1.195E-04 9.170E-05 7.061E-05 6.317E-05 5.824E-05 4.911E-05 1.196E-05 5.113E-06 6.583E-06 1.363E-05 6.785E-05 8.966E-05 1.160E-04 1.110E-04 1.025E-04 6.363E-05 5.562E-05 4.386E-05 3.220E-05 4.583E-05 2.118E-05 1.432E-05 1.260E-05 9.398E-06 9.263E-06 1.520E-05 2.066E-05 2.056E-05 2.023E-05 2.067E-05 1.894E-05 1.136E-05 8.296E-06 5.190E-06 3.208E-06
  5.200E+01  4.100E-05 5.575E-05 8.093E-05 1.026E-04 1.284E-04 1.407E-04 1.594E-04 1.718E-04 1.789E-04 1.879E-04 1.940E-04 1.997E-04 2.098E-04 2.182E-04 2.301E-04 2.363E-04 2.373E-04 2.334E-04 2.083E-04 1.682E-04 1.714E-04 1.698E-04 1.673E-04 1.593E-04 1.550E-04 1.365E-04 1.086E-04 8.335E-05 6.425E-05 5.751E-05 5.307E-05 4.503E-05 1.090E-05 4.671E-06 6.053E-06 1.257E-05 6.352E-05 8.460E-05 1.105E-04 1.058E-04 9.741E-05 5.982E-05 5.223E-05 4.124E-05 3.034E-05 4.335E-05 1.991E-05 1.346E-05 1.185E-05 8.865E-06 8.757E-06 1.444E-05 1.971E-05 1.969E-05 1.943E-05 1.990E-05 1.826E-05 1.094E-05 7.990E-06 5.004E-06 3.098E-06
  5.400E+01  3.761E-05 5.105E-05 7.397E-05 9.372E-05 1.173E-04 1.285E-04 1.455E-04 1.569E-04 1.633E-04 1.714E-04 1.770E-04 1.820E-04 1.910E-04 1.985E-04 2.088E-04 2.140E-04 2.147E-04 2.111E-04 1.881E-04 1.519E-04 1.549E-04 1.537E-04 1.515E-04 1.443E-04 1.406E-04 1.241E-04 9.869E-05 7.583E-05 5.851E-05 5.241E-05 4.839E-05 4.130E-05 9.949E-06 4.271E-06 5.571E-06 1.160E-05 5.948E-05 7.983E-05 1.053E-04 1.008E-04 9.257E-05 5.624E-05 4.904E-05 3.877E-05 2.859E-05 4.101E-05 1.871E-05 1.265E-05 1.114E-05 8.361E-06 8.278E-06 1.371E-05 1.879E-05 1.886E-05 1.866E-05 1.915E-05 1.761E-05 1.054E-05 7.691E-06 4.823E-06 2.990E-06
  5.600E+01  3.453E-05 4.679E-05 6.766E-05 8.569E-05 1.072E-04 1.175E-04 1.331E-04 1.435E-04 1.494E-04 1.568E-04 1.618E-04 1.663E-04 1.744E-04 1.811E-04 1.900E-04 1.944E-04 1.948E-04 1.914E-04 1.703E-04 1.374E-04 1.403E-04 1.393E-04 1.374E-04 1.309E-04 1.277E-04 1.129E-04 8.984E-05 6.907E-05 5.334E-05 4.780E-05 4.417E-05 3.792E-05 9.088E-06 3.910E-06 5.133E-06 1.072E-05 5.572E-05 7.536E-05 1.004E-04 9.613E-05 8.798E-05 5.288E-05 4.605E-05 3.645E-05 2.695E-05 3.878E-05 1.758E-05 1.189E-05 1.047E-05 7.886E-06 7.825E-06 1.302E-05 1.791E-05 1.805E-05 1.791E-05 1.843E-05 1.697E-05 1.015E-05 7.400E-06 4.647E-06 2.885E-06
  5.800E+01  3.176E-05 4.295E-05 6.198E-05 7.847E-05 9.818E-05 1.077E-04 1.220E-04 1.315E-04 1.369E-04 1.437E-04 1.482E-04 1.523E-04 1.596E-04 1.656E-04 1.733E-04 1.771E-04 1.772E-04 1.740E-04 1.545E-04 1.246E-04 1.273E-04 1.265E-04 1.248E-04 1.190E-04 1.163E-04 1.029E-04 8.189E-05 6.299E-05 4.868E-05 4.364E-05 4.036E-05 3.483E-05 8.311E-06 3.584E-06 4.736E-06 9.914E-06 5.221E-05 7.116E-05 9.575E-05 9.169E-05 8.363E-05 4.972E-05 4.324E-05 3.428E-05 2.540E-05 3.667E-05 1.652E-05 1.118E-05 9.849E-06 7.439E-06 7.398E-06 1.236E-05 1.708E-05 1.729E-05 1.719E-05 1.773E-05 1.635E-05 9.767E-06 7.118E-06 4.475E-06 2.783E-06
  6.000E+01  2.925E-05 3.947E-05 5.686E-05 7.197E-05 9.008E-05 9.882E-05 1.120E-04 1.208E-04 1.258E-04 1.320E-04 1.361E-04 1.399E-04 1.464E-04 1.518E-04 1.586E-04 1.617E-04 1.617E-04 1.586E-04 1.406E-04 1.131E-04 1.157E-04 1.151E-04 1.136E-04 1.084E-04 1.060E-04 9.399E-05 7.475E-05 5.751E-05 4.448E-05 3.989E-05 3.692E-05 3.203E-05 7.610E-06 3.290E-06 4.375E-06 9.179E-06 4.896E-05 6.723E-05 9.136E-05 8.749E-05 7.952E-05 4.676E-05 4.061E-05 3.224E-05 2.395E-05 3.468E-05 1.553E-05 1.051E-05 9.264E-06 7.020E-06 6.997E-06 1.174E-05 1.628E-05 1.655E-05 1.651E-05 1.706E-05 1.575E-05 9.399E-06 6.846E-06 4.309E-06 2.684E-06
  6.200E+01  2.699E-05 3.634E-05 5.223E-05 6.610E-05 8.279E-05 9.087E-05 1.031E-04 1.113E-04 1.158E-04 1.215E-04 1.253E-04 1.287E-04 1.347E-04 1.395E-04 1.454E-04 1.481E-04 1.479E-04 1.450E-04 1.282E-04 1.030E-04 1.054E-04 1.050E-04 1.036E-04 9.890E-05 9.684E-05 8.596E-05 6.834E-05 5.259E-05 4.070E-05 3.651E-05 3.381E-05 2.948E-05 6.978E-06 3.024E-06 4.048E-06 8.510E-06 4.594E-05 6.355E-05 8.721E-05 8.352E-05 7.564E-05 4.398E-05 3.815E-05 3.034E-05 2.260E-05 3.281E-05 1.460E-05 9.888E-06 8.718E-06 6.628E-06 6.621E-06 1.115E-05 1.552E-05 1.585E-05 1.585E-05 1.642E-05 1.517E-05 9.045E-06 6.584E-06 4.149E-06 2.589E-06
  6.400E+01  2.493E-05 3.349E-05 4.804E-05 6.081E-05 7.621E-05 8.371E-05 9.507E-05 1.026E-04 1.069E-04 1.122E-04 1.156E-04 1.188E-04 1.242E-04 1.286E-04 1.338E-04 1.360E-04 1.356E-04 1.328E-04 1.172E-04 9.396E-05 9.626E-05 9.593E-05 9.474E-05 9.043E-05 8.864E-05 7.876E-05 6.258E-05 4.815E-05 3.728E-05 3.346E-05 3.100E-05 2.717E-05 6.408E-06 2.785E-06 3.752E-06 7.901E-06 4.313E-05 6.011E-05 8.330E-05 7.978E-05 7.198E-05 4.139E-05 3.585E-05 2.856E-05 2.134E-05 3.104E-05 1.373E-05 9.306E-06 8.209E-06 6.262E-06 6.268E-06 1.059E-05 1.480E-05 1.519E-05 1.523E-05 1.581E-05 1.461E-05 8.705E-06 6.333E-06 3.995E-06 2.497E-06
  6.600E+01  2.308E-05 3.093E-05 4.428E-05 5.606E-05 7.032E-05 7.730E-05 8.788E-05 9.494E-05 9.884E-05 1.038E-04 1.070E-04 1.099E-04 1.148E-04 1.188E-04 1.234E-04 1.253E-04 1.248E-04 1.221E-04 1.074E-04 8.591E-05 8.808E-05 8.785E-05 8.678E-05 8.286E-05 8.129E-05 7.230E-05 5.740E-05 4.416E-05 3.420E-05 3.071E-05 2.847E-05 2.506E-05 5.894E-06 2.569E-06 3.484E-06 7.349E-06 4.053E-05 5.689E-05 7.961E-05 7.624E-05 6.852E-05 3.897E-05 3.371E-05 2.690E-05 2.016E-05 2.938E-05 1.292E-05 8.765E-06 7.736E-06 5.920E-06 5.939E-06 1.007E-05 1.412E-05 1.456E-05 1.463E-05 1.522E-05 1.408E-05 8.380E-06 6.092E-06 3.847E-06 2.409E-06
  6.800E+01  2.140E-05 2.860E-05 4.089E-05 5.178E-05 6.503E-05 7.155E-05 8.144E-05 8.805E-05 9.169E-05 9.628E-05 9.924E-05 1.019E-04 1.065E-04 1.101E-04 1.142E-04 1.157E-04 1.151E-04 1.125E-04 9.864E-05 7.873E-05 8.079E-05 8.063E-05 7.967E-05 7.609E-05 7.472E-05 6.649E-05 5.275E-05 4.057E-05 3.143E-05 2.822E-05 2.618E-05 2.316E-05 5.431E-06 2.375E-06 3.241E-06 6.847E-06 3.813E-05 5.390E-05 7.614E-05 7.291E-05 6.527E-05 3.672E-05 3.172E-05 2.536E-05 1.907E-05 2.783E-05 1.217E-05 8.262E-06 7.296E-06 5.603E-06 5.633E-06 9.583E-06 1.348E-05 1.396E-05 1.407E-05 1.467E-05 1.357E-05 8.070E-06 5.863E-06 3.706E-06 2.326E-06
  7.000E+01  1.989E-05 2.652E-05 3.784E-05 4.794E-05 6.029E-05 6.640E-05 7.569E-05 8.189E-05 8.529E-05 8.959E-05 9.234E-05 9.482E-05 9.903E-05 1.024E-04 1.060E-04 1.072E-04 1.065E-04 1.039E-04 9.088E-05 7.231E-05 7.427E-05 7.417E-05 7.331E-05 7.003E-05 6.882E-05 6.127E-05 4.856E-05 3.733E-05 2.893E-05 2.599E-05 2.412E-05 2.142E-05 5.015E-06 2.200E-06 3.022E-06 6.393E-06 3.591E-05 5.110E-05 7.287E-05 6.977E-05 6.221E-05 3.462E-05 2.986E-05 2.393E-05 1.805E-05 2.637E-05 1.148E-05 7.796E-06 6.889E-06 5.309E-06 5.349E-06 9.125E-06 1.288E-05 1.340E-05 1.354E-05 1.414E-05 1.308E-05 7.775E-06 5.645E-06 3.572E-06 2.246E-06
  7.200E+01  1.851E-05 2.462E-05 3.508E-05 4.448E-05 5.604E-05 6.178E-05 7.054E-05 7.639E-05 7.957E-05 8.362E-05 8.618E-05 8.849E-05 9.239E-05 9.547E-05 9.863E-05 9.965E-05 9.885E-05 9.634E-05 8.395E-05 6.658E-05 6.845E-05 6.840E-05 6.761E-05 6.460E-05 6.354E-05 5.659E-05 4.479E-05 3.441E-05 2.667E-05 2.397E-05 2.226E-05 1.985E-05 4.639E-06 2.042E-06 2.825E-06 5.981E-06 3.385E-05 4.850E-05 6.979E-05 6.682E-05 5.934E-05 3.266E-05 2.814E-05 2.260E-05 1.711E-05 2.501E-05 1.083E-05 7.365E-06 6.512E-06 5.036E-06 5.085E-06 8.698E-06 1.231E-05 1.287E-05 1.304E-05 1.364E-05 1.262E-05 7.496E-06 5.438E-06 3.445E-06 2.171E-06
  7.400E+01  1.729E-05 2.293E-05 3.263E-05 4.141E-05 5.227E-05 5.768E-05 6.597E-05 7.150E-05 7.449E-05 7.831E-05 8.070E-05 8.285E-05 8.648E-05 8.932E-05 9.212E-05 9.291E-05 9.203E-05 8.957E-05 7.777E-05 6.145E-05 6.323E-05 6.323E-05 6.251E-05 5.974E-05 5.880E-05 5.237E-05 4.140E-05 3.179E-05 2.464E-05 2.214E-05 2.058E-05 1.843E-05 4.302E-06 1.901E-06 2.647E-06 5.609E-06 3.196E-05 4.608E-05 6.691E-05 6.405E-05 5.663E-05 3.084E-05 2.654E-05 2.137E-05 1.624E-05 2.374E-05 1.023E-05 6.967E-06 6.165E-06 4.785E-06 4.842E-06 8.301E-06 1.178E-05 1.238E-05 1.257E-05 1.318E-05 1.218E-05 7.233E-06 5.243E-06 3.324E-06 2.100E-06
  7.600E+01  1.617E-05 2.139E-05 3.041E-05 3.864E-05 4.888E-05 5.400E-05 6.187E-05 6.713E-05 6.994E-05 7.356E-05 7.581E-05 7.782E-05 8.121E-05 8.384E-05 8.631E-05 8.691E-05 8.595E-05 8.353E-05 7.225E-05 5.686E-05 5.857E-05 5.859E-05 5.793E-05 5.537E-05 5.455E-05 4.858E-05 3.835E-05 2.942E-05 2.280E-05 2.050E-05 1.906E-05 1.714E-05 3.999E-06 1.774E-06 2.487E-06 5.273E-06 3.022E-05 4.383E-05 6.420E-05 6.145E-05 5.410E-05 2.916E-05 2.506E-05 2.023E-05 1.544E-05 2.255E-05 9.681E-06 6.601E-06 5.846E-06 4.554E-06 4.618E-06 7.932E-06 1.129E-05 1.192E-05 1.213E-05 1.274E-05 1.176E-05 6.985E-06 5.060E-06 3.211E-06 2.033E-06
  7.800E+01  1.517E-05 2.002E-05 2.843E-05 3.617E-05 4.587E-05 5.073E-05 5.823E-05 6.324E-05 6.590E-05 6.934E-05 7.146E-05 7.335E-05 7.652E-05 7.896E-05 8.114E-05 8.156E-05 8.053E-05 7.814E-05 6.731E-05 5.274E-05 5.438E-05 5.444E-05 5.383E-05 5.146E-05 5.073E-05 4.517E-05 3.561E-05 2.729E-05 2.115E-05 1.902E-05 1.769E-05 1.597E-05 3.727E-06 1.660E-06 2.343E-06 4.970E-06 2.861E-05 4.175E-05 6.166E-05 5.902E-05 5.173E-05 2.760E-05 2.369E-05 1.918E-05 1.470E-05 2.145E-05 9.173E-06 6.265E-06 5.553E-06 4.343E-06 4.412E-06 7.591E-06 1.083E-05 1.149E-05 1.172E-05 1.233E-05 1.137E-05 6.752E-06 4.888E-06 3.105E-06 1.972E-06
  8.000E+01  1.427E-05 1.878E-05 2.666E-05 3.398E-05 4.320E-05 4.783E-05 5.501E-05 5.980E-05 6.232E-05 6.560E-05 6.760E-05 6.938E-05 7.235E-05 7.462E-05 7.654E-05 7.679E-05 7.569E-05 7.332E-05 6.290E-05 4.905E-05 5.063E-05 5.071E-05 5.015E-05 4.795E-05 4.730E-05 4.210E-05 3.313E-05 2.537E-05 1.966E-05 1.768E-05 1.646E-05 1.491E-05 3.483E-06 1.558E-06 2.214E-06 4.697E-06 2.713E-05 3.981E-05 5.928E-05 5.673E-05 4.950E-05 2.615E-05 2.242E-05 1.821E-05 1.402E-05 2.042E-05 8.706E-06 5.956E-06 5.285E-06 4.149E-06 4.224E-06 7.277E-06 1.040E-05 1.110E-05 1.134E-05 1.195E-05 1.101E-05 6.536E-06 4.728E-06 3.007E-06 1.914E-06
  8.200E+01  1.346E-05 1.767E-05 2.508E-05 3.202E-05 4.082E-05 4.525E-05 5.214E-05 5.674E-05 5.914E-05 6.227E-05 6.417E-05 6.585E-05 6.865E-05 7.077E-05 7.244E-05 7.254E-05 7.138E-05 6.902E-05 5.894E-05 4.573E-05 4.726E-05 4.736E-05 4.684E-05 4.479E-05 4.422E-05 3.934E-05 3.090E-05 2.363E-05 1.832E-05 1.648E-05 1.535E-05 1.396E-05 3.264E-06 1.467E-06 2.098E-06 4.452E-06 2.578E-05 3.802E-05 5.706E-05 5.460E-05 4.742E-05 2.481E-05 2.125E-05 1.732E-05 1.339E-05 1.948E-05 8.279E-06 5.675E-06 5.040E-06 3.973E-06 4.053E-06 6.988E-06 1.001E-05 1.073E-05 1.099E-05 1.160E-05 1.067E-05 6.335E-06 4.580E-06 2.915E-06 1.861E-06
  8.400E+01  1.273E-05 1.668E-05 2.368E-05 3.028E-05 3.872E-05 4.297E-05 4.962E-05 5.404E-05 5.634E-05 5.934E-05 6.114E-05 6.274E-05 6.537E-05 6.736E-05 6.880E-05 6.876E-05 6.753E-05 6.517E-05 5.540E-05 4.275E-05 4.424E-05 4.435E-05 4.387E-05 4.196E-05 4.144E-05 3.685E-05 2.890E-05 2.207E-05 1.711E-05 1.540E-05 1.435E-05 1.309E-05 3.069E-06 1.385E-06 1.995E-06 4.233E-06 2.453E-05 3.636E-05 5.499E-05 5.260E-05 4.548E-05 2.358E-05 2.017E-05 1.650E-05 1.283E-05 1.860E-05 7.888E-06 5.419E-06 4.818E-06 3.813E-06 3.898E-06 6.724E-06 9.645E-06 1.039E-05 1.067E-05 1.127E-05 1.035E-05 6.149E-06 4.443E-06 2.831E-06 1.813E-06
  8.600E+01  1.208E-05 1.580E-05 2.244E-05 2.876E-05 3.689E-05 4.098E-05 4.742E-05 5.170E-05 5.389E-05 5.678E-05 5.850E-05 6.001E-05 6.250E-05 6.436E-05 6.558E-05 6.541E-05 6.410E-05 6.174E-05 5.223E-05 4.007E-05 4.152E-05 4.165E-05 4.119E-05 3.941E-05 3.895E-05 3.462E-05 2.709E-05 2.067E-05 1.602E-05 1.442E-05 1.345E-05 1.231E-05 2.894E-06 1.313E-06 1.903E-06 4.036E-06 2.339E-05 3.482E-05 5.305E-05 5.075E-05 4.367E-05 2.244E-05 1.918E-05 1.575E-05 1.231E-05 1.779E-05 7.532E-06 5.186E-06 4.616E-06 3.668E-06 3.757E-06 6.484E-06 9.311E-06 1.009E-05 1.038E-05 1.098E-05 1.006E-05 5.978E-06 4.317E-06 2.754E-06 1.769E-06
  8.800E+01  1.150E-05 1.501E-05 2.134E-05 2.742E-05 3.530E-05 3.925E-05 4.552E-05 4.967E-05 5.177E-05 5.456E-05 5.619E-05 5.763E-05 5.998E-05 6.172E-05 6.274E-05 6.243E-05 6.105E-05 5.868E-05 4.939E-05 3.766E-05 3.908E-05 3.922E-05 3.879E-05 3.712E-05 3.671E-05 3.260E-05 2.546E-05 1.940E-05 1.504E-05 1.354E-05 1.264E-05 1.161E-05 2.738E-06 1.248E-06 1.821E-06 3.861E-06 2.235E-05 3.341E-05 5.125E-05 4.901E-05 4.198E-05 2.139E-05 1.827E-05 1.506E-05 1.184E-05 1.704E-05 7.208E-06 4.976E-06 4.434E-06 3.538E-06 3.631E-06 6.266E-06 9.007E-06 9.807E-06 1.011E-05 1.071E-05 9.788E-06 5.822E-06 4.202E-06 2.683E-06 1.729E-06
  9.000E+01  1.099E-05 1.431E-05 2.037E-05 2.625E-05 3.391E-05 3.774E-05 4.386E-05 4.791E-05 4.992E-05 5.262E-05 5.418E-05 5.555E-05 5.778E-05 5.941E-05 6.023E-05 5.978E-05 5.833E-05 5.594E-05 4.684E-05 3.549E-05 3.688E-05 3.703E-05 3.663E-05 3.506E-05 3.470E-05 3.078E-05 2.400E-05 1.826E-05 1.416E-05 1.275E-05 1.191E-05 1.098E-05 2.599E-06 1.191E-06 1.748E-06 3.705E-06 2.140E-05 3.210E-05 4.957E-05 4.741E-05 4.040E-05 2.043E-05 1.744E-05 1.444E-05 1.141E-05 1.636E-05 6.915E-06 4.786E-06 4.271E-06 3.422E-06 3.519E-06 6.069E-06 8.730E-06 9.554E-06 9.870E-06 1.046E-05 9.541E-06 5.681E-06 4.099E-06 2.620E-06 1.694E-06
  9.200E+01  1.053E-05 1.369E-05 1.953E-05 2.522E-05 3.271E-05 3.644E-05 4.245E-05 4.640E-05 4.833E-05 5.096E-05 5.245E-05 5.375E-05 5.586E-05 5.739E-05 5.801E-05 5.743E-05 5.591E-05 5.349E-05 4.455E-05 3.354E-05 3.490E-05 3.506E-05 3.468E-05 3.321E-05 3.289E-05 2.915E-05 2.268E-05 1.724E-05 1.336E-05 1.205E-05 1.125E-05 1.041E-05 2.476E-06 1.140E-06 1.684E-06 3.566E-06 2.053E-05 3.090E-05 4.802E-05 4.591E-05 3.894E-05 1.955E-05 1.667E-05 1.387E-05 1.103E-05 1.573E-05 6.650E-06 4.617E-06 4.125E-06 3.319E-06 3.419E-06 5.893E-06 8.480E-06 9.327E-06 9.655E-06 1.024E-05 9.317E-06 5.553E-06 4.005E-06 2.563E-06 1.663E-06
  9.400E+01  1.012E-05 1.315E-05 1.879E-05 2.434E-05 3.169E-05 3.533E-05 4.123E-05 4.510E-05 4.697E-05 4.952E-05 5.095E-05 5.219E-05 5.419E-05 5.562E-05 5.606E-05 5.536E-05 5.376E-05 5.131E-05 4.250E-05 3.177E-05 3.312E-05 3.329E-05 3.293E-05 3.154E-05 3.126E-05 2.768E-05 2.149E-05 1.632E-05 1.265E-05 1.141E-05 1.067E-05 9.896E-06 2.367E-06 1.095E-06 1.627E-06 3.444E-06 1.975E-05 2.980E-05 4.658E-05 4.453E-05 3.759E-05 1.874E-05 1.598E-05 1.335E-05 1.068E-05 1.515E-05 6.413E-06 4.465E-06 3.995E-06 3.228E-06 3.331E-06 5.736E-06 8.255E-06 9.126E-06 9.463E-06 1.005E-05 9.115E-06 5.440E-06 3.923E-06 2.513E-06 1.637E-06
  9.600E+01  9.758E-06 1.266E-05 1.815E-05 2.357E-05 3.080E-05 3.436E-05 4.019E-05 4.399E-05 4.579E-05 4.829E-05 4.966E-05 5.085E-05 5.274E-05 5.408E-05 5.434E-05 5.352E-05 5.184E-05 4.936E-05 4.065E-05 3.018E-05 3.152E-05 3.170E-05 3.135E-05 3.004E-05 2.979E-05 2.635E-05 2.042E-05 1.549E-05 1.201E-05 1.084E-05 1.014E-05 9.438E-06 2.271E-06 1.056E-06 1.577E-06 3.336E-06 1.903E-05 2.879E-05 4.525E-05 4.326E-05 3.633E-05 1.800E-05 1.534E-05 1.288E-05 1.037E-05 1.463E-05 6.200E-06 4.331E-06 3.880E-06 3.149E-06 3.255E-06 5.597E-06 8.054E-06 8.948E-06 9.295E-06 9.875E-06 8.934E-06 5.340E-06 3.850E-06 2.469E-06 1.614E-06
  9.800E+01  9.439E-06 1.224E-05 1.759E-05 2.292E-05 3.006E-05 3.356E-05 3.932E-05 4.306E-05 4.481E-05 4.725E-05 4.857E-05 4.970E-05 5.150E-05 5.276E-05 5.284E-05 5.190E-05 5.015E-05 4.763E-05 3.900E-05 2.875E-05 3.008E-05 3.026E-05 2.993E-05 2.869E-05 2.847E-05 2.516E-05 1.946E-05 1.475E-05 1.144E-05 1.033E-05 9.672E-06 9.028E-06 2.186E-06 1.021E-06 1.534E-06 3.242E-06 1.839E-05 2.786E-05 4.402E-05 4.208E-05 3.517E-05 1.733E-05 1.476E-05 1.246E-05 1.010E-05 1.416E-05 6.011E-06 4.213E-06 3.780E-06 3.080E-06 3.189E-06 5.475E-06 7.876E-06 8.792E-06 9.149E-06 9.727E-06 8.775E-06 5.253E-06 3.787E-06 2.432E-06 1.595E-06
  1.000E+02  9.161E-06 1.188E-05 1.713E-05 2.238E-05 2.946E-05 3.291E-05 3.863E-05 4.232E-05 4.401E-05 4.640E-05 4.767E-05 4.876E-05 5.047E-05 5.164E-05 5.155E-05 5.047E-05 4.864E-05 4.608E-05 3.752E-05 2.746E-05 2.878E-05 2.897E-05 2.865E-05 2.748E-05 2.729E-05 2.409E-05 1.860E-05 1.408E-05 1.093E-05 9.873E-06 9.253E-06 8.663E-06 2.111E-06 9.912E-07 1.496E-06 3.160E-06 1.780E-05 2.701E-05 4.290E-05 4.101E-05 3.410E-05 1.671E-05 1.424E-05 1.209E-05 9.857E-06 1.373E-05 5.845E-06 4.110E-06 3.692E-06 3.021E-06 3.133E-06 5.370E-06 7.721E-06 8.659E-06 9.024E-06 9.600E-06 8.635E-06 5.179E-06 3.733E-06 2.400E-06 1.581E-06
  1.020E+02  8.920E-06 1.157E-05 1.674E-05 2.194E-05 2.899E-05 3.239E-05 3.809E-05 4.175E-05 4.339E-05 4.573E-05 4.695E-05 4.799E-05 4.961E-05 5.070E-05 5.043E-05 4.923E-05 4.732E-05 4.471E-05 3.619E-05 2.629E-05 2.760E-05 2.781E-05 2.751E-05 2.639E-05 2.623E-05 2.313E-05 1.783E-05 1.348E-05 1.048E-05 9.467E-06 8.880E-06 8.338E-06 2.046E-06 9.650E-07 1.463E-06 3.088E-06 1.728E-05 2.624E-05 4.187E-05 4.002E-05 3.311E-05 1.616E-05 1.377E-05 1.175E-05 9.645E-06 1.334E-05 5.698E-06 4.021E-06 3.617E-06 2.971E-06 3.086E-06 5.280E-06 7.586E-06 8.546E-06 8.920E-06 9.495E-06 8.515E-06 5.117E-06 3.688E-06 2.375E-06 1.569E-06
  1.040E+02  8.709E-06 1.130E-05 1.641E-05 2.158E-05 2.863E-05 3.200E-05 3.769E-05 4.132E-05 4.291E-05 4.522E-05 4.639E-05 4.739E-05 4.892E-05 4.993E-05 4.948E-05 4.815E-05 4.615E-05 4.350E-05 3.500E-05 2.524E-05 2.655E-05 2.676E-05 2.647E-05 2.541E-05 2.527E-05 2.227E-05 1.714E-05 1.295E-05 1.007E-05 9.106E-06 8.549E-06 8.049E-06 1.990E-06 9.424E-07 1.435E-06 3.027E-06 1.681E-05 2.554E-05 4.094E-05 3.913E-05 3.221E-05 1.566E-05 1.334E-05 1.145E-05 9.461E-06 1.299E-05 5.571E-06 3.945E-06 3.554E-06 2.930E-06 3.048E-06 5.205E-06 7.470E-06 8.453E-06 8.836E-06 9.409E-06 8.414E-06 5.066E-06 3.652E-06 2.355E-06 1.562E-06
  1.060E+02  8.529E-06 1.107E-05 1.615E-05 2.131E-05 2.836E-05 3.171E-05 3.741E-05 4.102E-05 4.257E-05 4.485E-05 4.597E-05 4.692E-05 4.837E-05 4.930E-05 4.867E-05 4.722E-05 4.513E-05 4.242E-05 3.393E-05 2.428E-05 2.560E-05 2.582E-05 2.554E-05 2.454E-05 2.442E-05 2.150E-05 1.652E-05 1.247E-05 9.709E-06 8.785E-06 8.256E-06 7.794E-06 1.941E-06 9.230E-07 1.411E-06 2.975E-06 1.639E-05 2.491E-05 4.009E-05 3.832E-05 3.138E-05 1.520E-05 1.296E-05 1.119E-05 9.303E-06 1.268E-05 5.461E-06 3.881E-06 3.501E-06 2.897E-06 3.017E-06 5.143E-06 7.373E-06 8.379E-06 8.770E-06 9.343E-06 8.332E-06 5.027E-06 3.624E-06 2.340E-06 1.558E-06
  1.080E+02  8.376E-06 1.088E-05 1.594E-05 2.110E-05 2.818E-05 3.151E-05 3.722E-05 4.081E-05 4.232E-05 4.457E-05 4.566E-05 4.657E-05 4.794E-05 4.879E-05 4.799E-05 4.641E-05 4.423E-05 4.147E-05 3.298E-05 2.343E-05 2.475E-05 2.498E-05 2.471E-05 2.375E-05 2.365E-05 2.081E-05 1.597E-05 1.205E-05 9.389E-06 8.502E-06 7.998E-06 7.570E-06 1.899E-06 9.065E-07 1.391E-06 2.931E-06 1.601E-05 2.434E-05 3.933E-05 3.759E-05 3.063E-05 1.480E-05 1.262E-05 1.095E-05 9.169E-06 1.241E-05 5.368E-06 3.828E-06 3.457E-06 2.871E-06 2.995E-06 5.093E-06 7.294E-06 8.322E-06 8.722E-06 9.295E-06 8.266E-06 4.998E-06 3.605E-06 2.330E-06 1.557E-06
  1.100E+02  8.245E-06 1.072E-05 1.578E-05 2.095E-05 2.806E-05 3.138E-05 3.711E-05 4.069E-05 4.217E-05 4.439E-05 4.544E-05 4.632E-05 4.761E-05 4.839E-05 4.743E-05 4.572E-05 4.345E-05 4.062E-05 3.213E-05 2.265E-05 2.398E-05 2.422E-05 2.396E-05 2.304E-05 2.297E-05 2.019E-05 1.548E-05 1.167E-05 9.107E-06 8.253E-06 7.772E-06 7.374E-06 1.864E-06 8.927E-07 1.374E-06 2.894E-06 1.568E-05 2.383E-05 3.865E-05 3.694E-05 2.995E-05 1.443E-05 1.231E-05 1.075E-05 9.058E-06 1.217E-05 5.290E-06 3.786E-06 3.423E-06 2.852E-06 2.979E-06 5.056E-06 7.231E-06 8.282E-06 8.691E-06 9.264E-06 8.217E-06 4.979E-06 3.592E-06 2.326E-06 1.559E-06
  1.120E+02  8.134E-06 1.059E-05 1.566E-05 2.084E-05 2.800E-05 3.131E-05 3.706E-05 4.064E-05 4.209E-05 4.430E-05 4.531E-05 4.615E-05 4.738E-05 4.809E-05 4.696E-05 4.513E-05 4.277E-05 3.988E-05 3.136E-05 2.195E-05 2.329E-05 2.354E-05 2.329E-05 2.242E-05 2.236E-05 1.964E-05 1.504E-05 1.134E-05 8.859E-06 8.034E-06 7.574E-06 7.203E-06 1.834E-06 8.811E-07 1.361E-06 2.864E-06 1.539E-05 2.337E-05 3.804E-05 3.637E-05 2.934E-05 1.411E-05 1.204E-05 1.058E-05 8.966E-06 1.196E-05 5.226E-06 3.752E-06 3.397E-06 2.840E-06 2.969E-06 5.029E-06 7.183E-06 8.257E-06 8.675E-06 9.250E-06 8.185E-06 4.970E-06 3.587E-06 2.325E-06 1.564E-06
  1.140E+02  8.044E-06 1.049E-05 1.557E-05 2.078E-05 2.799E-05 3.131E-05 3.709E-05 4.068E-05 4.210E-05 4.429E-05 4.528E-05 4.609E-05 4.725E-05 4.789E-05 4.659E-05 4.463E-05 4.219E-05 3.923E-05 3.068E-05 2.132E-05 2.267E-05 2.293E-05 2.269E-05 2.185E-05 2.182E-05 1.915E-05 1.465E-05 1.105E-05 8.642E-06 7.844E-06 7.402E-06 7.055E-06 1.809E-06 8.716E-07 1.350E-06 2.840E-06 1.513E-05 2.297E-05 3.752E-05 3.587E-05 2.879E-05 1.382E-05 1.181E-05 1.043E-05 8.895E-06 1.178E-05 5.175E-06 3.728E-06 3.379E-06 2.833E-06 2.965E-06 5.013E-06 7.150E-06 8.247E-06 8.674E-06 9.252E-06 8.167E-06 4.969E-06 3.588E-06 2.330E-06 1.572E-06
  1.160E+02  7.971E-06 1.041E-05 1.553E-05 2.078E-05 2.806E-05 3.138E-05 3.721E-05 4.081E-05 4.220E-05 4.438E-05 4.533E-05 4.611E-05 4.720E-05 4.778E-05 4.631E-05 4.422E-05 4.169E-05 3.867E-05 3.007E-05 2.075E-05 2.212E-05 2.238E-05 2.215E-05 2.135E-05 2.134E-05 1.872E-05 1.431E-05 1.079E-05 8.454E-06 7.679E-06 7.255E-06 6.929E-06 1.789E-06 8.640E-07 1.341E-06 2.821E-06 1.492E-05 2.261E-05 3.706E-05 3.543E-05 2.831E-05 1.357E-05 1.160E-05 1.031E-05 8.840E-06 1.162E-05 5.136E-06 3.712E-06 3.368E-06 2.831E-06 2.966E-06 5.006E-06 7.130E-06 8.250E-06 8.686E-06 9.267E-06 8.163E-06 4.978E-06 3.595E-06 2.338E-06 1.582E-06
  1.180E+02  7.915E-06 1.036E-05 1.552E-05 2.082E-05 2.818E-05 3.152E-05 3.740E-05 4.101E-05 4.238E-05 4.455E-05 4.547E-05 4.622E-05 4.724E-05 4.775E-05 4.611E-05 4.389E-05 4.126E-05 3.818E-05 2.953E-05 2.024E-05 2.162E-05 2.190E-05 2.167E-05 2.091E-05 2.091E-05 1.834E-05 1.402E-05 1.057E-05 8.292E-06 7.538E-06 7.129E-06 6.821E-06 1.773E-06 8.581E-07 1.335E-06 2.807E-06 1.473E-05 2.230E-05 3.667E-05 3.506E-05 2.788E-05 1.335E-05 1.142E-05 1.020E-05 8.802E-06 1.149E-05 5.108E-06 3.702E-06 3.363E-06 2.835E-06 2.973E-06 5.007E-06 7.122E-06 8.266E-06 8.711E-06 9.297E-06 8.173E-06 4.994E-06 3.609E-06 2.350E-06 1.595E-06
  1.200E+02  7.872E-06 1.033E-05 1.554E-05 2.089E-05 2.835E-05 3.170E-05 3.764E-05 4.127E-05 4.262E-05 4.478E-05 4.567E-05 4.638E-05 4.734E-05 4.779E-05 4.598E-05 4.363E-05 4.090E-05 3.775E-05 2.905E-05 1.978E-05 2.118E-05 2.146E-05 2.124E-05 2.052E-05 2.054E-05 1.801E-05 1.375E-05 1.038E-05 8.153E-06 7.418E-06 7.023E-06 6.732E-06 1.761E-06 8.536E-07 1.330E-06 2.798E-06 1.457E-05 2.203E-05 3.635E-05 3.476E-05 2.751E-05 1.316E-05 1.127E-05 1.012E-05 8.778E-06 1.139E-05 5.090E-06 3.700E-06 3.363E-06 2.842E-06 2.983E-06 5.017E-06 7.126E-06 8.293E-06 8.748E-06 9.339E-06 8.195E-06 5.017E-06 3.627E-06 2.365E-06 1.609E-06
  1.220E+02  7.842E-06 1.031E-05 1.558E-05 2.100E-05 2.855E-05 3.192E-05 3.793E-05 4.157E-05 4.290E-05 4.505E-05 4.591E-05 4.660E-05 4.749E-05 4.788E-05 4.590E-05 4.342E-05 4.060E-05 3.739E-05 2.862E-05 1.937E-05 2.078E-05 2.108E-05 2.086E-05 2.017E-05 2.021E-05 1.771E-05 1.353E-05 1.021E-05 8.036E-06 7.317E-06 6.935E-06 6.658E-06 1.752E-06 8.505E-07 1.328E-06 2.792E-06 1.444E-05 2.180E-05 3.609E-05 3.451E-05 2.719E-05 1.299E-05 1.114E-05 1.006E-05 8.768E-06 1.130E-05 5.081E-06 3.703E-06 3.369E-06 2.854E-06 2.997E-06 5.033E-06 7.140E-06 8.331E-06 8.796E-06 9.392E-06 8.228E-06 5.047E-06 3.651E-06 2.383E-06 1.626E-06
  1.240E+02  7.824E-06 1.031E-05 1.565E-05 2.113E-05 2.879E-05 3.217E-05 3.824E-05 4.191E-05 4.321E-05 4.535E-05 4.619E-05 4.685E-05 4.768E-05 4.800E-05 4.586E-05 4.326E-05 4.035E-05 3.707E-05 2.825E-05 1.899E-05 2.043E-05 2.073E-05 2.052E-05 1.986E-05 1.992E-05 1.746E-05 1.334E-05 1.007E-05 7.939E-06 7.234E-06 6.863E-06 6.599E-06 1.745E-06 8.485E-07 1.326E-06 2.790E-06 1.433E-05 2.161E-05 3.589E-05 3.432E-05 2.693E-05 1.286E-05 1.104E-05 1.001E-05 8.770E-06 1.124E-05 5.080E-06 3.712E-06 3.380E-06 2.869E-06 3.015E-06 5.056E-06 7.164E-06 8.379E-06 8.853E-06 9.456E-06 8.273E-06 5.083E-06 3.679E-06 2.405E-06 1.645E-06
  1.260E+02  7.815E-06 1.032E-05 1.572E-05 2.127E-05 2.903E-05 3.244E-05 3.857E-05 4.225E-05 4.354E-05 4.568E-05 4.649E-05 4.712E-05 4.790E-05 4.816E-05 4.586E-05 4.314E-05 4.014E-05 3.679E-05 2.791E-05 1.866E-05 2.011E-05 2.043E-05 2.023E-05 1.960E-05 1.967E-05 1.724E-05 1.317E-05 9.955E-06 7.859E-06 7.167E-06 6.807E-06 6.552E-06 1.742E-06 8.475E-07 1.327E-06 2.791E-06 1.424E-05 2.146E-05 3.574E-05 3.419E-05 2.672E-05 1.275E-05 1.095E-05 9.984E-06 8.783E-06 1.119E-05 5.087E-06 3.726E-06 3.395E-06 2.886E-06 3.036E-06 5.085E-06 7.196E-06 8.435E-06 8.920E-06 9.529E-06 8.327E-06 5.125E-06 3.711E-06 2.429E-06 1.665E-06
  1.280E+02  7.812E-06 1.034E-05 1.581E-05 2.142E-05 2.927E-05 3.270E-05 3.889E-05 4.260E-05 4.387E-05 4.601E-05 4.680E-05 4.741E-05 4.814E-05 4.834E-05 4.589E-05 4.305E-05 3.996E-05 3.655E-05 2.761E-05 1.836E-05 1.983E-05 2.016E-05 1.997E-05 1.937E-05 1.946E-05 1.705E-05 1.303E-05 9.859E-06 7.797E-06 7.115E-06 6.764E-06 6.518E-06 1.740E-06 8.474E-07 1.328E-06 2.794E-06 1.418E-05 2.134E-05 3.565E-05 3.411E-05 2.655E-05 1.266E-05 1.089E-05 9.969E-06 8.806E-06 1.116E-05 5.101E-06 3.744E-06 3.413E-06 2.907E-06 3.060E-06 5.119E-06 7.236E-06 8.500E-06 8.994E-06 9.611E-06 8.390E-06 5.172E-06 3.747E-06 2.455E-06 1.686E-06
  1.300E+02  7.814E-06 1.036E-05 1.590E-05 2.157E-05 2.951E-05 3.297E-05 3.921E-05 4.294E-05 4.421E-05 4.634E-05 4.712E-05 4.771E-05 4.839E-05 4.855E-05 4.595E-05 4.300E-05 3.982E-05 3.635E-05 2.734E-05 1.809E-05 1.958E-05 1.993E-05 1.974E-05 1.917E-05 1.927E-05 1.690E-05 1.292E-05 9.782E-06 7.749E-06 7.077E-06 6.734E-06 6.495E-06 1.741E-06 8.481E-07 1.330E-06 2.800E-06 1.414E-05 2.125E-05 3.561E-05 3.407E-05 2.643E-05 1.259E-05 1.084E-05 9.967E-06 8.838E-06 1.115E-05 5.120E-06 3.765E-06 3.435E-06 2.930E-06 3.086E-06 5.157E-06 7.283E-06 8.571E-06 9.075E-06 9.701E-06 8.461E-06 5.223E-06 3.786E-06 2.483E-06 1.709E-06
  1.320E+02  7.822E-06 1.040E-05 1.600E-05 2.174E-05 2.976E-05 3.325E-05 3.955E-05 4.330E-05 4.456E-05 4.671E-05 4.747E-05 4.803E-05 4.867E-05 4.878E-05 4.604E-05 4.297E-05 3.971E-05 3.618E-05 2.711E-05 1.785E-05 1.937E-05 1.972E-05 1.954E-05 1.899E-05 1.912E-05 1.677E-05 1.283E-05 9.723E-06 7.715E-06 7.050E-06 6.715E-06 6.481E-06 1.744E-06 8.494E-07 1.333E-06 2.807E-06 1.411E-05 2.119E-05 3.562E-05 3.408E-05 2.635E-05 1.254E-05 1.081E-05 9.977E-06 8.877E-06 1.116E-05 5.145E-06 3.790E-06 3.459E-06 2.955E-06 3.113E-06 5.199E-06 7.337E-06 8.648E-06 9.163E-06 9.797E-06 8.538E-06 5.278E-06 3.827E-06 2.513E-06 1.733E-06
  1.340E+02  7.836E-06 1.044E-05 1.611E-05 2.192E-05 3.004E-05 3.355E-05 3.991E-05 4.370E-05 4.495E-05 4.710E-05 4.784E-05 4.839E-05 4.898E-05 4.903E-05 4.615E-05 4.296E-05 3.962E-05 3.603E-05 2.690E-05 1.763E-05 1.918E-05 1.954E-05 1.937E-05 1.885E-05 1.899E-05 1.666E-05 1.276E-05 9.681E-06 7.694E-06 7.035E-06 6.707E-06 6.477E-06 1.748E-06 8.513E-07 1.337E-06 2.816E-06 1.410E-05 2.115E-05 3.567E-05 3.413E-05 2.631E-05 1.251E-05 1.079E-05 9.998E-06 8.923E-06 1.117E-05 5.174E-06 3.818E-06 3.486E-06 2.981E-06 3.143E-06 5.245E-06 7.395E-06 8.730E-06 9.255E-06 9.899E-06 8.622E-06 5.336E-06 3.871E-06 2.545E-06 1.757E-06
  1.360E+02  7.857E-06 1.049E-05 1.624E-05 2.212E-05 3.034E-05 3.388E-05 4.031E-05 4.412E-05 4.537E-05 4.752E-05 4.824E-05 4.877E-05 4.931E-05 4.931E-05 4.627E-05 4.298E-05 3.955E-05 3.590E-05 2.672E-05 1.744E-05 1.901E-05 1.939E-05 1.922E-05 1.873E-05 1.889E-05 1.658E-05 1.271E-05 9.654E-06 7.684E-06 7.030E-06 6.708E-06 6.480E-06 1.753E-06 8.536E-07 1.341E-06 2.827E-06 1.411E-05 2.114E-05 3.577E-05 3.423E-05 2.631E-05 1.249E-05 1.079E-05 1.003E-05 8.976E-06 1.120E-05 5.208E-06 3.848E-06 3.514E-06 3.009E-06 3.173E-06 5.293E-06 7.459E-06 8.816E-06 9.352E-06 1.000E-05 8.712E-06 5.397E-06 3.917E-06 2.577E-06 1.782E-06
  1.380E+02  7.882E-06 1.054E-05 1.637E-05 2.233E-05 3.066E-05 3.423E-05 4.073E-05 4.457E-05 4.581E-05 4.796E-05 4.866E-05 4.916E-05 4.965E-05 4.960E-05 4.641E-05 4.300E-05 3.950E-05 3.579E-05 2.655E-05 1.727E-05 1.886E-05 1.926E-05 1.910E-05 1.864E-05 1.881E-05 1.652E-05 1.268E-05 9.641E-06 7.685E-06 7.034E-06 6.718E-06 6.490E-06 1.759E-06 8.564E-07 1.345E-06 2.838E-06 1.413E-05 2.116E-05 3.590E-05 3.435E-05 2.634E-05 1.250E-05 1.080E-05 1.007E-05 9.033E-06 1.124E-05 5.244E-06 3.880E-06 3.544E-06 3.037E-06 3.205E-06 5.343E-06 7.525E-06 8.906E-06 9.452E-06 1.011E-05 8.805E-06 5.460E-06 3.965E-06 2.611E-06 1.808E-06
  1.400E+02  7.913E-06 1.061E-05 1.653E-05 2.257E-05 3.101E-05 3.462E-05 4.119E-05 4.506E-05 4.628E-05 4.842E-05 4.911E-05 4.958E-05 5.002E-05 4.991E-05 4.656E-05 4.304E-05 3.945E-05 3.569E-05 2.641E-05 1.712E-05 1.874E-05 1.915E-05 1.899E-05 1.856E-05 1.875E-05 1.649E-05 1.267E-05 9.642E-06 7.695E-06 7.047E-06 6.735E-06 6.507E-06 1.767E-06 8.594E-07 1.351E-06 2.851E-06 1.416E-05 2.120E-05 3.606E-05 3.451E-05 2.640E-05 1.251E-05 1.082E-05 1.011E-05 9.094E-06 1.129E-05 5.284E-06 3.913E-06 3.576E-06 3.067E-06 3.237E-06 5.395E-06 7.595E-06 8.998E-06 9.555E-06 1.023E-05 8.902E-06 5.524E-06 4.013E-06 2.645E-06 1.834E-06
  1.420E+02  7.951E-06 1.068E-05 1.670E-05 2.282E-05 3.139E-05 3.503E-05 4.168E-05 4.557E-05 4.678E-05 4.892E-05 4.957E-05 5.002E-05 5.040E-05 5.022E-05 4.672E-05 4.308E-05 3.941E-05 3.560E-05 2.628E-05 1.699E-05 1.864E-05 1.906E-05 1.891E-05 1.851E-05 1.872E-05 1.647E-05 1.267E-05 9.654E-06 7.714E-06 7.067E-06 6.760E-06 6.529E-06 1.775E-06 8.627E-07 1.356E-06 2.864E-06 1.420E-05 2.125E-05 3.626E-05 3.470E-05 2.650E-05 1.254E-05 1.085E-05 1.017E-05 9.159E-06 1.134E-05 5.326E-06 3.948E-06 3.608E-06 3.096E-06 3.269E-06 5.448E-06 7.667E-06 9.092E-06 9.659E-06 1.034E-05 9.001E-06 5.590E-06 4.062E-06 2.679E-06 1.859E-06
  1.440E+02  7.996E-06 1.077E-05 1.687E-05 2.309E-05 3.178E-05 3.544E-05 4.217E-05 4.609E-05 4.728E-05 4.942E-05 5.005E-05 5.047E-05 5.078E-05 5.054E-05 4.687E-05 4.311E-05 3.938E-05 3.552E-05 2.616E-05 1.688E-05 1.855E-05 1.899E-05 1.885E-05 1.847E-05 1.870E-05 1.647E-05 1.269E-05 9.678E-06 7.742E-06 7.094E-06 6.791E-06 6.556E-06 1.783E-06 8.661E-07 1.361E-06 2.878E-06 1.425E-05 2.133E-05 3.648E-05 3.491E-05 2.662E-05 1.258E-05 1.089E-05 1.022E-05 9.226E-06 1.141E-05 5.369E-06 3.983E-06 3.640E-06 3.126E-06 3.302E-06 5.502E-06 7.741E-06 9.187E-06 9.764E-06 1.046E-05 9.101E-06 5.656E-06 4.111E-06 2.714E-06 1.885E-06
  1.460E+02  8.042E-06 1.085E-05 1.705E-05 2.336E-05 3.216E-05 3.586E-05 4.266E-05 4.661E-05 4.778E-05 4.991E-05 5.052E-05 5.091E-05 5.116E-05 5.085E-05 4.701E-05 4.315E-05 3.934E-05 3.544E-05 2.606E-05 1.678E-05 1.849E-05 1.894E-05 1.881E-05 1.846E-05 1.871E-05 1.649E-05 1.273E-05 9.713E-06 7.777E-06 7.128E-06 6.828E-06 6.587E-06 1.793E-06 8.697E-07 1.367E-06 2.891E-06 1.431E-05 2.142E-05 3.672E-05 3.515E-05 2.676E-05 1.263E-05 1.095E-05 1.029E-05 9.295E-06 1.148E-05 5.414E-06 4.019E-06 3.673E-06 3.156E-06 3.334E-06 5.556E-06 7.815E-06 9.282E-06 9.868E-06 1.057E-05 9.202E-06 5.722E-06 4.161E-06 2.748E-06 1.910E-06
  1.480E+02  8.088E-06 1.093E-05 1.723E-05 2.361E-05 3.254E-05 3.627E-05 4.314E-05 4.712E-05 4.828E-05 5.041E-05 5.098E-05 5.134E-05 5.152E-05 5.115E-05 4.714E-05 4.317E-05 3.930E-05 3.537E-05 2.598E-05 1.671E-05 1.844E-05 1.892E-05 1.879E-05 1.847E-05 1.874E-05 1.653E-05 1.278E-05 9.760E-06 7.819E-06 7.168E-06 6.870E-06 6.622E-06 1.802E-06 8.733E-07 1.373E-06 2.905E-06 1.438E-05 2.152E-05 3.698E-05 3.540E-05 2.693E-05 1.270E-05 1.101E-05 1.035E-05 9.364E-06 1.156E-05 5.460E-06 4.054E-06 3.706E-06 3.185E-06 3.366E-06 5.610E-06 7.890E-06 9.376E-06 9.972E-06 1.069E-05 9.303E-06 5.787E-06 4.209E-06 2.782E-06 1.935E-06
  1.500E+02  8.133E-06 1.102E-05 1.740E-05 2.387E-05 3.291E-05 3.667E-05 4.362E-05 4.763E-05 4.876E-05 5.088E-05 5.143E-05 5.175E-05 5.186E-05 5.142E-05 4.725E-05 4.318E-05 3.926E-05 3.530E-05 2.592E-05 1.666E-05 1.843E-05 1.892E-05 1.880E-05 1.851E-05 1.880E-05 1.660E-05 1.284E-05 9.816E-06 7.868E-06 7.213E-06 6.917E-06 6.661E-06 1.811E-06 8.769E-07 1.378E-06 2.919E-06 1.445E-05 2.163E-05 3.725E-05 3.566E-05 2.711E-05 1.277E-05 1.107E-05 1.042E-05 9.434E-06 1.164E-05 5.505E-06 4.090E-06 3.738E-06 3.214E-06 3.397E-06 5.663E-06 7.963E-06 9.469E-06 1.007E-05 1.080E-05 9.402E-06 5.851E-06 4.257E-06 2.815E-06 1.960E-06
  1.520E+02  8.183E-06 1.110E-05 1.758E-05 2.414E-05 3.331E-05 3.709E-05 4.412E-05 4.814E-05 4.925E-05 5.136E-05 5.186E-05 5.214E-05 5.218E-05 5.167E-05 4.734E-05 4.318E-05 3.923E-05 3.526E-05 2.589E-05 1.664E-05 1.844E-05 1.895E-05 1.884E-05 1.857E-05 1.888E-05 1.669E-05 1.293E-05 9.884E-06 7.924E-06 7.264E-06 6.969E-06 6.702E-06 1.821E-06 8.805E-07 1.384E-06 2.933E-06 1.453E-05 2.176E-05 3.754E-05 3.593E-05 2.730E-05 1.285E-05 1.115E-05 1.049E-05 9.504E-06 1.172E-05 5.551E-06 4.124E-06 3.770E-06 3.242E-06 3.428E-06 5.714E-06 8.036E-06 9.560E-06 1.017E-05 1.091E-05 9.500E-06 5.914E-06 4.304E-06 2.847E-06 1.983E-06
  1.540E+02  8.239E-06 1.120E-05 1.779E-05 2.444E-05 3.376E-05 3.756E-05 4.466E-05 4.870E-05 4.976E-05 5.184E-05 5.230E-05 5.253E-05 5.248E-05 5.189E-05 4.740E-05 4.318E-05 3.921E-05 3.524E-05 2.589E-05 1.666E-05 1.849E-05 1.902E-05 1.892E-05 1.867E-05 1.900E-05 1.682E-05 1.303E-05 9.963E-06 7.985E-06 7.319E-06 7.025E-06 6.745E-06 1.831E-06 8.840E-07 1.389E-06 2.946E-06 1.461E-05 2.188E-05 3.783E-05 3.621E-05 2.750E-05 1.293E-05 1.122E-05 1.056E-05 9.572E-06 1.181E-05 5.596E-06 4.158E-06 3.801E-06 3.269E-06 3.457E-06 5.765E-06 8.107E-06 9.648E-06 1.027E-05 1.101E-05 9.595E-06 5.974E-06 4.349E-06 2.879E-06 2.006E-06
  1.560E+02  8.297E-06 1.129E-05 1.800E-05 2.476E-05 3.423E-05 3.804E-05 4.524E-05 4.928E-05 5.027E-05 5.233E-05 5.273E-05 5.291E-05 5.275E-05 5.209E-05 4.747E-05 4.321E-05 3.924E-05 3.529E-05 2.596E-05 1.672E-05 1.859E-05 1.914E-05 1.905E-05 1.882E-05 1.917E-05 1.698E-05 1.315E-05 1.005E-05 8.053E-06 7.378E-06 7.084E-06 6.789E-06 1.840E-06 8.874E-07 1.394E-06 2.959E-06 1.469E-05 2.202E-05 3.812E-05 3.648E-05 2.771E-05 1.302E-05 1.131E-05 1.064E-05 9.638E-06 1.189E-05 5.640E-06 4.191E-06 3.830E-06 3.295E-06 3.485E-06 5.813E-06 8.175E-06 9.732E-06 1.036E-05 1.112E-05 9.686E-06 6.033E-06 4.392E-06 2.908E-06 2.027E-06
  1.580E+02  8.343E-06 1.137E-05 1.818E-05 2.504E-05 3.469E-05 3.849E-05 4.578E-05 4.983E-05 5.075E-05 5.278E-05 5.312E-05 5.324E-05 5.300E-05 5.228E-05 4.757E-05 4.331E-05 3.936E-05 3.545E-05 2.613E-05 1.685E-05 1.875E-05 1.933E-05 1.924E-05 1.902E-05 1.939E-05 1.718E-05 1.331E-05 1.016E-05 8.125E-06 7.441E-06 7.147E-06 6.835E-06 1.849E-06 8.907E-07 1.399E-06 2.972E-06 1.478E-05 2.215E-05 3.840E-05 3.676E-05 2.792E-05 1.311E-05 1.139E-05 1.071E-05 9.702E-06 1.198E-05 5.683E-06 4.222E-06 3.858E-06 3.320E-06 3.511E-06 5.859E-06 8.240E-06 9.812E-06 1.045E-05 1.121E-05 9.773E-06 6.088E-06 4.433E-06 2.936E-06 2.048E-06
  1.600E+02  8.363E-06 1.140E-05 1.831E-05 2.526E-05 3.507E-05 3.886E-05 4.624E-05 5.030E-05 5.117E-05 5.317E-05 5.346E-05 5.355E-05 5.326E-05 5.251E-05 4.779E-05 4.357E-05 3.968E-05 3.580E-05 2.643E-05 1.706E-05 1.901E-05 1.960E-05 1.952E-05 1.930E-05 1.969E-05 1.744E-05 1.349E-05 1.027E-05 8.204E-06 7.508E-06 7.214E-06 6.881E-06 1.858E-06 8.937E-07 1.404E-06 2.983E-06 1.486E-05 2.229E-05 3.868E-05 3.702E-05 2.812E-05 1.320E-05 1.148E-05 1.078E-05 9.763E-06 1.206E-05 5.724E-06 4.252E-06 3.885E-06 3.342E-06 3.536E-06 5.902E-06 8.302E-06 9.888E-06 1.053E-05 1.130E-05 9.855E-06 6.139E-06 4.471E-06 2.963E-06 2.067E-06
  1.620E+02  8.350E-06 1.138E-05 1.835E-05 2.538E-05 3.533E-05 3.912E-05 4.661E-05 5.070E-05 5.154E-05 5.356E-05 5.383E-05 5.392E-05 5.364E-05 5.292E-05 4.827E-05 4.414E-05 4.031E-05 3.645E-05 2.694E-05 1.737E-05 1.937E-05 1.999E-05 1.990E-05 1.968E-05 2.007E-05 1.777E-05 1.370E-05 1.040E-05 8.287E-06 7.579E-06 7.283E-06 6.927E-06 1.866E-06 8.966E-07 1.408E-06 2.994E-06 1.494E-05 2.241E-05 3.895E-05 3.728E-05 2.832E-05 1.329E-05 1.156E-05 1.084E-05 9.820E-06 1.214E-05 5.762E-06 4.279E-06 3.910E-06 3.364E-06 3.559E-06 5.942E-06 8.359E-06 9.958E-06 1.061E-05 1.139E-05 9.931E-06 6.187E-06 4.506E-06 2.987E-06 2.084E-06
  1.640E+02  8.315E-06 1.134E-05 1.836E-05 2.545E-05 3.553E-05 3.938E-05 4.699E-05 5.116E-05 5.203E-05 5.411E-05 5.443E-05 5.456E-05 5.438E-05 5.375E-05 4.927E-05 4.524E-05 4.144E-05 3.755E-05 2.773E-05 1.780E-05 1.987E-05 2.050E-05 2.041E-05 2.017E-05 2.057E-05 1.818E-05 1.395E-05 1.055E-05 8.375E-06 7.651E-06 7.354E-06 6.972E-06 1.874E-06 8.993E-07 1.412E-06 3.004E-06 1.502E-05 2.254E-05 3.920E-05 3.751E-05 2.851E-05 1.338E-05 1.164E-05 1.090E-05 9.873E-06 1.221E-05 5.798E-06 4.305E-06 3.932E-06 3.383E-06 3.580E-06 5.979E-06 8.412E-06 1.002E-05 1.068E-05 1.146E-05 1.000E-05 6.231E-06 4.539E-06 3.009E-06 2.100E-06
  1.660E+02  8.297E-06 1.134E-05 1.842E-05 2.562E-05 3.589E-05 3.985E-05 4.768E-05 5.201E-05 5.299E-05 5.521E-05 5.564E-05 5.587E-05 5.587E-05 5.540E-05 5.111E-05 4.713E-05 4.328E-05 3.925E-05 2.887E-05 1.837E-05 2.052E-05 2.117E-05 2.107E-05 2.079E-05 2.120E-05 1.867E-05 1.424E-05 1.071E-05 8.467E-06 7.725E-06 7.426E-06 7.015E-06 1.881E-06 9.016E-07 1.415E-06 3.013E-06 1.509E-05 2.265E-05 3.943E-05 3.773E-05 2.869E-05 1.347E-05 1.172E-05 1.096E-05 9.921E-06 1.228E-05 5.831E-06 4.328E-06 3.953E-06 3.401E-06 3.598E-06 6.012E-06 8.460E-06 1.008E-05 1.074E-05 1.153E-05 1.006E-05 6.271E-06 4.568E-06 3.029E-06 2.114E-06
  1.680E+02  8.355E-06 1.148E-05 1.873E-05 2.615E-05 3.674E-05 4.096E-05 4.913E-05 5.375E-05 5.494E-05 5.740E-05 5.800E-05 5.839E-05 5.865E-05 5.838E-05 5.420E-05 5.011E-05 4.603E-05 4.169E-05 3.040E-05 1.908E-05 2.134E-05 2.201E-05 2.188E-05 2.155E-05 2.197E-05 1.925E-05 1.457E-05 1.088E-05 8.559E-06 7.799E-06 7.497E-06 7.055E-06 1.887E-06 9.037E-07 1.418E-06 3.021E-06 1.516E-05 2.276E-05 3.963E-05 3.793E-05 2.885E-05 1.354E-05 1.180E-05 1.101E-05 9.963E-06 1.235E-05 5.860E-06 4.348E-06 3.971E-06 3.416E-06 3.615E-06 6.041E-06 8.502E-06 1.013E-05 1.080E-05 1.159E-05 1.012E-05 6.306E-06 4.594E-06 3.047E-06 2.127E-06
  1.700E+02  8.566E-06 1.190E-05 1.951E-05 2.737E-05 3.856E-05 4.320E-05 5.195E-05 5.704E-05 5.853E-05 6.134E-05 6.217E-05 6.276E-05 6.330E-05 6.319E-05 5.887E-05 5.440E-05 4.982E-05 4.493E-05 3.233E-05 1.989E-05 2.230E-05 2.298E-05 2.283E-05 2.244E-05 2.285E-05 1.990E-05 1.492E-05 1.105E-05 8.650E-06 7.870E-06 7.567E-06 7.092E-06 1.893E-06 9.056E-07 1.421E-06 3.028E-06 1.522E-05 2.285E-05 3.981E-05 3.810E-05 2.899E-05 1.361E-05 1.186E-05 1.106E-05 1.000E-05 1.240E-05 5.885E-06 4.366E-06 3.987E-06 3.429E-06 3.629E-06 6.067E-06 8.538E-06 1.018E-05 1.085E-05 1.165E-05 1.017E-05 6.336E-06 4.616E-06 3.062E-06 2.138E-06
  1.720E+02  9.015E-06 1.273E-05 2.105E-05 2.968E-05 4.189E-05 4.717E-05 5.684E-05 6.260E-05 6.447E-05 6.771E-05 6.878E-05 6.955E-05 7.029E-05 7.021E-05 6.528E-05 6.001E-05 5.460E-05 4.889E-05 3.458E-05 2.076E-05 2.334E-05 2.404E-05 2.385E-05 2.340E-05 2.381E-05 2.059E-05 1.528E-05 1.122E-05 8.736E-06 7.936E-06 7.631E-06 7.125E-06 1.897E-06 9.071E-07 1.423E-06 3.033E-06 1.527E-05 2.293E-05 3.996E-05 3.825E-05 2.911E-05 1.367E-05 1.192E-05 1.109E-05 1.003E-05 1.245E-05 5.906E-06 4.381E-06 4.000E-06 3.440E-06 3.641E-06 6.087E-06 8.568E-06 1.021E-05 1.089E-05 1.169E-05 1.021E-05 6.361E-06 4.634E-06 3.075E-06 2.147E-06
  1.740E+02  9.777E-06 1.410E-05 2.361E-05 3.346E-05 4.731E-05 5.344E-05 6.445E-05 7.105E-05 7.326E-05 7.695E-05 7.817E-05 7.900E-05 7.970E-05 7.938E-05 7.314E-05 6.658E-05 6.001E-05 5.324E-05 3.692E-05 2.161E-05 2.437E-05 2.509E-05 2.486E-05 2.435E-05 2.476E-05 2.126E-05 1.562E-05 1.137E-05 8.810E-06 7.992E-06 7.686E-06 7.151E-06 1.901E-06 9.083E-07 1.425E-06 3.038E-06 1.531E-05 2.299E-05 4.009E-05 3.836E-05 2.921E-05 1.372E-05 1.196E-05 1.113E-05 1.006E-05 1.248E-05 5.923E-06 4.392E-06 4.010E-06 3.449E-06 3.650E-06 6.104E-06 8.592E-06 1.024E-05 1.092E-05 1.172E-05 1.024E-05 6.380E-06 4.649E-06 3.085E-06 2.154E-06
  1.760E+02  1.084E-05 1.596E-05 2.720E-05 3.875E-05 5.495E-05 6.200E-05 7.475E-05 8.226E-05 8.457E-05 8.862E-05 8.974E-05 9.040E-05 9.062E-05 8.972E-05 8.144E-05 7.320E-05 6.528E-05 5.736E-05 3.904E-05 2.233E-05 2.526E-05 2.599E-05 2.573E-05 2.518E-05 2.559E-05 2.183E-05 1.591E-05 1.150E-05 8.869E-06 8.037E-06 7.730E-06 7.171E-06 1.904E-06 9.091E-07 1.426E-06 3.041E-06 1.533E-05 2.304E-05 4.017E-05 3.845E-05 2.928E-05 1.376E-05 1.199E-05 1.115E-05 1.007E-05 1.251E-05 5.936E-06 4.401E-06 4.017E-06 3.455E-06 3.656E-06 6.116E-06 8.609E-06 1.026E-05 1.094E-05 1.175E-05 1.026E-05 6.394E-06 4.659E-06 3.092E-06 2.159E-06
  1.780E+02  1.191E-05 1.781E-05 3.097E-05 4.438E-05 6.331E-05 7.106E-05 8.564E-05 9.389E-05 9.591E-05 1.001E-04 1.008E-04 1.011E-04 1.004E-04 9.872E-05 8.820E-05 7.838E-05 6.927E-05 6.040E-05 4.055E-05 2.282E-05 2.587E-05 2.661E-05 2.633E-05 2.575E-05 2.616E-05 2.222E-05 1.610E-05 1.158E-05 8.907E-06 8.065E-06 7.757E-06 7.183E-06 1.905E-06 9.096E-07 1.427E-06 3.043E-06 1.535E-05 2.307E-05 4.023E-05 3.850E-05 2.932E-05 1.378E-05 1.202E-05 1.116E-05 1.008E-05 1.253E-05 5.943E-06 4.406E-06 4.022E-06 3.459E-06 3.660E-06 6.123E-06 8.620E-06 1.027E-05 1.095E-05 1.176E-05 1.027E-05 6.403E-06 4.665E-06 3.096E-06 2.162E-06
  1.800E+02  1.239E-05 1.863E-05 3.275E-05 4.709E-05 6.746E-05 7.547E-05 9.099E-05 9.953E-05 1.013E-04 1.054E-04 1.058E-04 1.058E-04 1.047E-04 1.025E-04 9.090E-05 8.039E-05 7.078E-05 6.154E-05 4.110E-05 2.299E-05 2.609E-05 2.683E-05 2.654E-05 2.596E-05 2.637E-05 2.235E-05 1.617E-05 1.161E-05 8.920E-06 8.074E-06 7.767E-06 7.187E-06 1.906E-06 9.098E-07 1.427E-06 3.043E-06 1.536E-05 2.308E-05 4.024E-05 3.851E-05 2.933E-05 1.379E-05 1.202E-05 1.116E-05 1.009E-05 1.253E-05 5.945E-06 4.407E-06 4.023E-06 3.460E-06 3.662E-06 6.125E-06 8.623E-06 1.028E-05 1.096E-05 1.177E-05 1.028E-05 6.405E-06 4.668E-06 3.097E-06 2.163E-06
